:		-	Group	-	-	-	-	-	-	-	-	-	-	-	-	-	-	-	-	-	-	-	-	-	-	-	-	-	-	-	-	-	-	-	-	-	-	-	-	-	-	-	-	-	-	-	-	-	-	-	-	-	-	-	-	-	-	-	-	-	-	-	-	-	-	-	-	-	-	-	-	-	-	-	-	-	-	-	-	-	-	-	-	-	-	-	-	-	-	-	-	-	-	-	-	-	-	-	-	-	-	-	-	-	-	-	-	-	-	-	-	-	-	-	-	-	-	-	-	-	-	-	-	-	
Black	Dot	0	Group	Size	cosx 1	sinx 1	cosy 1	siny 1	cosx 2	sinx 2	cosy 2	siny 2	cosx 3	sinx 3	cosy 3	siny 3	cosx 4	sinx 4	cosy 4	siny 4	cosx 5	sinx 5	cosy 5	siny 5	cosx 6	sinx 6	cosy 6	siny 6	cosx 7	sinx 7	cosy 7	siny 7	cosx 8	sinx 8	cosy 8	siny 8	cosx 9	sinx 9	cosy 9	siny 9	cosx 10	sinx 10	cosy 10	siny 10	cosx 11	sinx 11	cosy 11	siny 11	cosx 12	sinx 12	cosy 12	siny 12	cosx 13	sinx 13	cosy 13	siny 13	cosx 14	sinx 14	cosy 14	siny 14	cosx 15	sinx 15	cosy 15	siny 15	cosx 16	sinx 16	cosy 16	siny 16	cosx 17	sinx 17	cosy 17	siny 17	cosx 18	sinx 18	cosy 18	siny 18	cosx 19	sinx 19	cosy 19	siny 19	cosx 20	sinx 20	cosy 20	siny 20	cosx 21	sinx 21	cosy 21	siny 21	cosx 22	sinx 22	cosy 22	siny 22	cosx 23	sinx 23	cosy 23	siny 23	cosx 24	sinx 24	cosy 24	siny 24	cosx 25	sinx 25	cosy 25	siny 25	cosx 26	sinx 26	cosy 26	siny 26	cosx 27	sinx 27	cosy 27	siny 27	cosx 28	sinx 28	cosy 28	siny 28	cosx 29	sinx 29	cosy 29	siny 29	cosx 30	sinx 30	cosy 30	siny 30	
Darkorange	Dot	0	G3	338,608	1	0	-8,39E-17	0,263462	0,0323934	0,00172812	0,00539209	-0,0682792	0,0824583	-0,00089931	-0,00755045	0,103001	0,0210813	0,00127226	0,0029537	-0,021458	0,0180734	-0,00101178	-0,00209106	0,035616	0,0130679	0,00124011	-0,000111459	0,00638029	0,00489207	-0,00120106	0,00272121	0,00591854	0,00682731	0,00130675	-0,000930311	0,0102064	0,00270116	-0,000662984	0,000451355	-0,00243131	0,00244519	0,000415413	-0,00109195	0,00907949	0,00234352	1,86E-05	0,000997725	-0,00199732	0,000271108	-7,22E-05	-0,000678276	0,00340345	0,001933	0,000307557	-0,000169065	0,00136085	-0,00045649	-0,000250437	0,000533061	-0,00116266	0,00121644	0,000416025	-0,000568747	0,00261323	-0,000200457	-0,000141652	0,000475235	-0,0020515	0,000271477	0,000155037	-0,000422366	0,00192625	0,000282297	0,000183836	0,0005166	-0,000634209	-0,000341794	-8,83E-05	-7,08E-06	0,000596601	0,000460741	0,000338484	0,000182474	0,000691558	-0,000502753	-0,000111252	0,000501744	-0,000698934	0,000339229	0,00034889	-0,000409197	0,0012337	-0,000364756	-2,73E-05	0,000404357	-0,000840322	5,32E-05	0,000225283	-0,000217948	0,000528278	-8,33E-05	0,000129715	0,000326706	-0,000154654	-0,000207189	7,35E-05	0,000154202	-9,50E-05	8,05E-05	0,000250523	6,00E-05	0,000451904	-0,000291225	3,14E-06	0,000469854	-0,000358996	4,27E-05	0,000326356	-0,000444043	0,000479159	-0,000185119	-1,01E-05	-3,83E-05	-0,000354951	
Darkorange	Dot	1	G3	227,475	1	0	9,37E-17	0,263516	0,0432598	-0,00100282	-0,000561189	-0,0791282	0,0744867	0,000670757	0,00543061	0,119894	0,0260373	-0,000468899	0,00108161	-0,0193602	0,0128046	0,000293333	0,00348595	0,0357757	0,0157003	8,89E-05	0,00147387	0,00815734	0,00145527	-0,000208159	0,000858393	0,00344373	0,00824249	0,000556863	0,00167168	0,0145349	0,000130579	-0,00050424	-0,00150702	-0,0035271	0,00286341	0,000677402	0,000844401	0,00931424	0,000805502	-0,000588096	-0,00115987	-0,00114589	-7,33E-06	0,000776821	-0,000522762	0,00202593	0,00103599	-0,000896068	0,000427894	0,00260204	-0,000858493	0,000856004	-0,000913843	-0,00144711	0,000360481	-0,000960666	-0,000160434	0,00302079	-0,000346934	0,00047663	-0,000661255	-0,00147489	-0,000634728	-0,000628649	-7,91E-05	0,0012848	0,00023547	9,23E-05	-0,000517378	-0,000406688	-0,000917005	-0,000431999	-0,000273387	-0,000158089	0,000167709	-8,87E-05	-9,04E-05	0,000796139	-0,00060321	-0,000364274	-0,000291415	-0,00139882	-0,000120291	-0,00022388	0,000273216	0,00100372	-0,000158534	-0,000183602	-0,000466894	-0,00104294	-0,000446471	-0,000409242	8,68E-05	4,69E-05	0,000284783	-9,49E-05	0,000292247	0,000118303	-0,000543985	-0,000316347	-0,000669693	-0,000667993	0,000293999	-0,00017049	0,000233142	0,000159393	-0,000227634	-0,000287864	0,0001341	-0,000874141	1,88E-05	-1,61E-05	6,71E-05	8,83E-05	9,95E-05	-0,000355028	0,000177651	-0,000455825	
Darkorange	Dot	2	G3	205,91	1	-6,90E-17	3,45E-17	0,28674	0,0294463	0,000316105	-0,0111451	-0,0801929	0,0865303	-0,000760926	-0,0011684	0,0987579	0,0184613	0,000158133	-0,00187912	-0,0186734	0,0211708	-0,000723437	0,000357637	0,0230958	0,0122744	0,000106397	-0,00109728	0,00596364	0,00722011	-0,000443244	-0,00165035	0,00200039	0,00731362	-0,000446998	0,00140334	0,0108532	0,00359785	0,000295338	-0,000375688	-0,00175442	0,00386763	-0,00087379	0,000206095	0,00406595	0,00277586	0,000472431	0,00110461	0,000775781	0,00205263	-0,000649183	-0,000215455	0,000268312	0,00198637	0,000307934	0,00116364	0,0025858	0,00148286	-0,000282418	7,68E-05	-0,000639093	0,00110788	4,40E-05	0,000503103	0,00216501	0,00127513	0,000105218	0,00098278	0,00023334	0,000563236	-0,00014071	-0,00038199	0,000703587	0,0010422	0,000336603	0,00103612	0,00146717	0,000193488	-0,000185944	-0,000838104	-6,93E-05	0,000781763	0,000322061	-1,98E-05	0,00106111	0,00016141	-0,0002039	0,000131844	0,000149749	0,000403959	0,0002332	-0,000206459	0,000314429	0,00023982	-1,31E-05	0,000674392	0,000455854	0,000201011	0,000116636	-0,000531594	0,000154292	8,38E-05	4,77E-05	0,000508844	0,000422844	0,000189239	0,000133393	-0,000179762	0,000134763	4,07E-07	4,14E-05	-0,000243803	0,000602949	7,01E-05	8,13E-05	0,00077588	0,00035269	-1,54E-05	0,000113924	-0,000242169	2,63E-05	-1,44E-05	0,000141326	0,000128505	0,000327499	
Darkorange	Dot	3	G3	234,912	1	9,07E-17	-9,07E-17	0,257583	0,035359	-0,000371111	0,00652876	-0,0838621	0,0845846	0,00077843	-0,00928007	0,112935	0,0186321	-0,000726186	-0,00433511	-0,0196634	0,0213745	4,17E-05	-0,00184824	0,0302343	0,0116412	-0,000492334	-0,00135086	0,010909	0,00585819	0,000316026	0,000323418	-0,000271965	0,00815237	-0,000735481	-0,00115255	0,011785	0,00152955	0,000125033	0,00170959	-0,00092367	0,00446403	-0,000296458	-0,000246944	0,00503573	0,00119413	-0,000197945	0,000160424	0,00245777	0,00159293	3,26E-05	0,00140793	0,000342412	0,00144053	-2,16E-06	-0,000802448	0,00332551	0,000282397	-9,10E-05	0,001654	0,000326644	0,000993044	0,000319812	0,000230874	0,00140075	9,30E-05	-0,000128802	0,000115475	0,00139008	0,000418176	0,000176525	0,00127217	-1,50E-05	6,50E-05	0,000152026	-0,000581381	0,000939902	0,000164203	-3,60E-05	0,000762081	-0,000234172	1,14E-05	0,000274819	-0,000199606	0,000206401	5,87E-06	4,22E-05	-0,000601501	-0,0001681	2,37E-05	7,73E-05	0,00056398	-0,000506287	-6,93E-05	0,000216129	-0,000567155	0,000732955	-5,17E-05	-4,14E-05	0,000285776	-0,00067693	-6,50E-05	0,000183676	-0,000127921	3,07E-05	9,41E-05	7,96E-05	-0,000466717	0,000365106	-0,000235138	-1,77E-05	0,000204252	-0,000247197	0,000167091	0,000173872	-0,000501328	0,000135961	-9,97E-05	-4,12E-05	7,11E-05	-4,65E-05	-9,41E-05	7,26E-05	5,67E-05	-1,92E-05	
Darkorange	Dot	4	G3	371,012	1	-3,83E-17	9,58E-18	0,279915	0,0428795	-0,000124797	-0,00563614	-0,0549936	0,0729117	0,000350116	-0,000613144	0,106358	0,0246285	-0,000360159	-0,000743959	-0,0306654	0,015606	0,000113895	0,00125225	0,0406605	0,0103523	0,000637167	0,00301475	0,0050007	0,00564145	-0,000536848	0,000442087	0,00469082	0,00405116	0,0014548	4,69E-05	0,0167732	0,00110874	-0,00105352	-6,06E-05	-0,00533893	0,00222963	0,00146265	0,000757608	0,0116411	-0,00101148	-0,00047018	-0,00117905	-0,00116086	0,000822365	0,000703593	0,000860681	0,00131039	-0,000781974	0,000168922	0,000700776	0,00486868	-0,00101597	0,000483246	-0,000864041	-0,00251712	-8,12E-05	0,000179929	0,00106615	0,00428052	-0,00173675	0,000634085	-0,000958331	-0,00167404	-0,000339145	-5,83E-05	0,000407447	0,000449762	-0,00105141	0,000619685	0,000352067	0,00109345	-0,00112842	0,000198899	-6,30E-05	-0,00206431	-0,000256805	0,000171959	0,000747549	0,00108132	-0,00133516	0,000657619	-0,000610697	-0,000969067	-0,000267081	-0,000192901	0,00010088	0,000566614	-0,000810439	0,000685355	-3,40E-05	-0,000535332	-0,000623991	-5,71E-05	-0,000473515	-0,00114104	-0,000208177	0,00029918	0,000230502	0,000571259	-0,000740736	0,000246674	-0,000266227	-0,000794172	-3,44E-05	-1,61E-05	0,000501361	0,000136435	-0,000488837	0,000321698	-6,20E-07	-0,00057431	-0,000145668	5,79E-05	-0,000341511	-0,000438168	-0,000159353	1,67E-06	0,000203953	5,54E-06	
Darkorange	Dot	5	G3	360,463	1	0	-9,86E-17	0,2767	0,0409043	0,000394415	0,00099521	-0,0878988	0,0766147	3,12E-05	-0,00025553	0,0962155	0,0290197	0,000172596	0,00167508	-0,0234947	0,0127156	0,000294249	-0,000856014	0,0331704	0,0186782	0,000239697	-0,000757658	0,00545325	0,00210976	-0,000347623	0,00205008	0,00817261	0,00932693	0,000787513	0,0021847	0,0125933	0,00190928	-0,000130222	-0,000418996	-0,00298681	0,0031965	0,00058512	-8,66E-05	0,0104739	0,00277624	-0,000304	0,00114992	-0,00119026	-0,00013763	0,000815747	-0,000167647	0,00503605	0,00264822	-0,000355453	0,000360648	0,00182544	-0,000985149	0,000677089	0,000395484	0,000182957	0,00145966	-3,11E-05	-0,000537965	0,00291798	-0,000357358	0,000297175	-1,05E-05	-0,00195524	0,0001818	0,000176307	-0,000108861	0,00263647	0,000305985	5,99E-05	0,000180546	-0,00104622	-0,000638594	0,000320237	0,000136313	0,00096181	0,000539667	3,78E-05	-0,000369377	0,000369915	-0,000756094	0,000207727	0,000133553	-0,00086311	0,000338883	0,000134781	-0,000312767	0,00124238	-0,000413591	5,88E-05	-0,000193251	-0,00106789	-9,55E-05	0,000158916	-4,02E-05	0,000940347	-6,52E-05	2,26E-05	-0,000196689	-0,000657827	-0,000296169	0,000154126	-7,12E-05	-0,000106294	8,94E-05	8,66E-06	-0,000227964	0,000204011	-0,000277441	6,47E-05	-8,74E-05	-0,000871696	2,67E-05	7,81E-05	-0,000177138	0,000528451	-6,08E-05	-6,72E-05	2,80E-05	-0,000717984	
Darkorange	Dot	6	G3	325,75	1	-8,73E-17	0	0,292979	0,0306451	0,000517236	-0,005927	-0,0774555	0,0808425	-0,000810869	-3,15E-05	0,104845	0,0204368	0,000233607	0,000954877	-0,0118737	0,0148028	-0,000443917	0,00101923	0,033434	0,0126739	-3,82E-05	-0,00191041	0,00743881	0,00258864	-0,000279699	-0,00212409	0,00594931	0,00598354	-0,000527643	-0,000864537	0,0129196	0,000731552	0,000129184	-0,00135003	-0,00130729	0,00144968	-0,000813011	-0,000538271	0,00876942	0,000763794	0,000271487	-0,000231074	-0,00100931	-0,000782077	-0,000747247	-0,000248473	0,00249839	0,000624812	5,41E-05	0,00100688	0,00196231	-0,00141805	-0,000411623	0,000532923	-0,00110277	0,000136444	-8,24E-05	0,000355736	0,0027636	-0,00125135	-0,0002256	0,000256164	-0,0020449	-0,000338973	-0,000206728	0,000116586	0,000964154	-0,000811187	-0,000136544	0,000453221	-0,000145548	-0,0007176	-0,000137084	-0,000181174	-0,000714612	-0,000452349	-0,00010545	0,000132654	0,000673438	-0,000704396	-5,28E-05	-0,000146375	-0,00130642	-0,000413267	-0,000131973	-6,27E-05	0,000354935	-0,000458015	-2,03E-05	9,58E-05	-0,000726296	-0,000458354	-2,85E-05	-0,000317516	-0,000349829	-0,000203964	-6,53E-05	0,000220496	0,000178063	-0,000467039	6,47E-05	-0,000183959	-0,000691317	-8,98E-05	-0,000101452	-0,000115822	0,000304384	-0,000329952	9,63E-05	0,000217704	-0,000502942	-0,000103108	-3,75E-05	-0,000122866	0,000204789	-0,000144202	1,99E-05	0,000398302	0,000250919	
Darkorange	Dot	7	G3	234,527	1	0	7,57E-17	0,346572	0,0365022	0,00248318	-0,00364561	-0,0752813	0,0768196	-0,00201005	-0,0102274	0,10237	0,0233102	0,000454773	0,00680647	-0,0146291	0,0148362	0,000251949	-0,00171913	0,028554	0,0128668	-0,0010473	-0,00225558	0,0116494	0,00384389	0,000881824	0,00293837	-0,000890861	0,00616787	-0,00121183	-0,00545765	0,0117196	0,00200046	0,000274295	0,0013895	-0,00320268	0,00219405	-0,000782139	-0,000223669	0,00421254	0,00174529	-0,000147965	-0,000817715	0,00117561	0,000423018	-0,000222808	0,00218462	-4,71E-05	0,00114766	-0,000452907	-0,00264324	0,00349923	9,81E-05	0,000132668	0,00187329	-0,000997426	0,00037344	-0,000707441	-3,53E-05	0,00176178	0,000251862	0,000454718	-7,17E-05	0,0002908	-0,000135324	-0,000649274	0,00121526	-0,000222024	0,000355641	0,000321666	-0,000849312	0,00069724	-0,000302371	-0,000328089	0,00166442	-0,00057892	0,000208786	0,00016628	-0,000853582	0,000353626	-0,000153353	-8,10E-05	-2,90E-05	3,15E-05	-5,90E-05	-6,43E-05	0,000752581	0,000125713	-6,11E-05	0,000149649	-0,000772857	-0,000332813	-6,40E-05	-0,000104325	0,000777465	-0,000156975	1,11E-05	7,77E-05	-0,000278815	0,000158266	-0,000147293	9,58E-06	0,000171467	-9,21E-05	8,11E-05	-5,59E-06	0,000127691	0,000177363	-0,000172077	1,82E-05	-0,000813934	-0,0002754	8,01E-05	-7,16E-05	0,000440722	-0,000102869	-8,95E-05	-1,69E-05	-0,000498208	3,31E-05	
Darkorange	Dot	8	G3	243,107	1	5,85E-17	-7,31E-17	0,2669	0,0358687	0,000351001	-0,00508144	-0,0640277	0,0803473	-0,000263604	0,00556325	0,12111	0,0188053	0,00105642	0,00211432	-0,02466	0,0186672	-0,000609151	0,0031244	0,0322588	0,0111907	0,00129109	0,00135534	0,0112856	0,00330524	-0,000152595	-0,00111519	0,0012858	0,00747108	0,000696593	0,00196426	0,0134665	-0,000329515	0,000622634	-0,000487693	-0,00194487	0,00334987	0,000240429	0,000808172	0,00597166	0,000217582	0,000683668	0,00139588	0,0014862	0,000152792	0,000445341	-0,000926865	0,00128147	0,000712802	0,000425683	0,000479747	0,00282105	-0,000742558	0,000535065	-0,000583281	-0,000486106	0,000209692	0,000518126	0,000140913	0,000851412	-0,000500549	0,000205146	0,000394515	-0,000708451	-0,000247409	0,000736179	4,14E-05	0,000432319	-0,000550035	6,44E-05	0,000226937	1,85E-05	-0,000201497	0,000640901	-0,00024564	-0,000444172	-0,000559822	0,000103685	0,000198981	0,00093983	-0,000307824	0,000494616	-6,38E-05	-0,000572626	-0,000296973	8,13E-05	-9,14E-05	0,000560643	-0,000388609	0,000345466	-0,000250568	-4,31E-05	-0,000248434	0,000119743	-0,000509497	-0,000850599	-0,000201167	9,93E-05	-0,000148824	0,000424062	-0,000384468	0,000222106	-0,000434226	-0,000744896	-0,00010916	-0,000113021	-0,000437076	-7,70E-06	-0,000209557	0,000218395	2,76E-05	0,000231129	-0,00020324	-0,000170489	-0,000333777	-0,000171929	-5,21E-05	0,000120691	0,000122705	0,000142559	
Darkorange	Dot	9	G3	223,175	1	6,37E-17	9,55E-17	0,239182	0,0299705	-0,000494308	-0,00232108	-0,058118	0,084458	0,000337339	0,00177848	0,107602	0,0169105	1,32E-05	-0,00319828	-0,0256329	0,0207447	-0,000102049	0,00141456	0,0380656	0,00999727	0,000430827	2,91E-05	0,00595939	0,0052677	-0,000234816	-0,000167476	0,00656194	0,00696509	9,70E-05	0,00230749	0,0130889	0,000217873	0,000305401	-0,00100887	-0,00148513	0,0042706	-0,000401167	0,00109134	0,00717217	-0,000454462	0,000623115	0,00105173	0,00090369	0,00158015	-0,000479959	-0,00084659	0,00223813	-0,000194451	0,000525597	0,000526824	0,00150394	0,000374498	-0,000470953	-0,000953163	-0,000417294	-0,000252829	0,000458646	0,000344939	0,0019379	-0,000110875	-0,000388392	-0,000218621	-0,000772315	-0,000397348	0,000284409	-0,000204619	0,000578752	-0,000204068	-0,000221943	4,83E-05	-0,000165047	-0,00046349	-4,07E-07	-0,00107648	-0,000609828	-0,000116884	-7,69E-05	0,000489065	0,000565908	-0,000603183	-0,000167863	-0,000697287	-0,000641668	-9,35E-05	3,29E-06	0,000446446	0,000492549	-0,00052183	-0,000251617	-0,000154921	-0,000172543	-0,000200675	5,68E-05	-0,000500714	7,30E-05	-0,000295138	-0,000314474	0,000402824	0,000251669	-0,000324319	5,40E-05	-0,000524793	-0,00029773	-0,000149634	-0,000267894	0,000487516	0,000431117	-0,000334086	-8,39E-05	-0,000104116	0,000101914	-0,000123309	-0,000128141	-0,000151771	-7,03E-05	-0,000263035	-0,000216942	4,79E-05	-0,000237865	
Darkorange	Dot	10	G3	181,116	1	0	-1,96E-17	0,293444	0,0214324	0,00160167	0,0132897	-0,0405717	0,0847262	-2,78E-05	-0,0219507	0,102381	0,0135844	-6,48E-07	0,0146885	-0,014264	0,0184014	3,95E-05	0,00250708	0,0340546	0,00882977	0,00144238	-0,00196011	0,00320121	0,00358635	-0,00125677	0,00437504	0,00676324	0,00559114	0,0017087	-0,00305567	0,00801102	-0,000974934	-0,000554285	0,00244491	-0,000842818	0,00369969	0,000429541	-0,00145423	0,00460835	-0,00155315	0,000845487	0,000668878	0,000542095	0,0017469	-0,000895655	4,78E-06	0,00101817	-0,000909686	0,00147382	-0,000308294	0,00114731	0,00022793	-0,00121251	4,87E-05	0,00028798	-0,000228635	0,00115011	-0,00103243	-2,16E-05	-0,000358571	-0,000748817	-9,42E-05	0,000795465	-0,000138697	0,000342659	-0,0006906	-0,000399654	-0,00031302	-0,000377288	-0,000193943	0,000211172	-0,000123889	-2,84E-05	-0,00104326	-0,000833498	-0,000223097	-0,000438366	-3,04E-05	-0,000620522	8,88E-05	-9,58E-05	-0,000258837	9,12E-05	-0,000295087	-0,000428448	-0,000296454	-0,000630177	0,000401682	-0,000242917	8,69E-05	0,000145466	-0,00037336	-0,00026523	-0,000126468	-0,000155164	0,0003847	-0,000486034	-0,000137898	-0,000396845	-0,000158699	-0,000133865	-0,00020346	0,000145104	0,00015979	-0,000470011	3,36E-05	-0,000349924	6,40E-05	-0,000127017	0,000156878	7,11E-05	5,69E-05	-0,000285341	0,000217889	0,000348151	9,05E-05	-0,000198848	0,000334613	-8,51E-05	
Darkorange	Dot	11	G3	197,607	1	0	0	0,267056	0,0259425	-5,61E-05	0,00192353	-0,0325022	0,0808301	0,000749335	0,00572177	0,116859	0,0148624	0,000513696	0,000708693	-0,0209763	0,0178274	0,00145709	0,00248856	0,0380746	0,00722106	0,000132667	0,00367999	0,00316206	0,0041591	0,00214546	0,00200315	0,00512614	0,0033852	-0,000138997	0,000952569	0,0112302	0,000665625	0,00207433	0,000788257	-0,00350747	0,00123026	0,000105013	0,000102776	0,00718774	-8,80E-05	0,00163401	0,000335157	-0,002222	-0,000215739	0,000313514	-0,000352027	0,00158438	-1,32E-05	0,000924341	-0,000301662	0,000887552	-0,000849099	0,000485544	-0,000615242	-0,00123721	-4,04E-05	0,000628545	-0,00114798	0,00233257	-0,00096612	0,000270092	0,000269182	-0,00210117	-9,54E-05	0,000565373	-0,000408756	0,00150605	-0,000811187	-3,01E-05	-0,000192396	-0,000539821	-0,000380958	0,000500231	-0,000177404	-0,000647428	-0,000395269	-3,68E-05	-0,000506551	0,00102956	-0,000580553	0,000324166	0,000280132	-0,000736922	-8,65E-05	3,72E-05	-0,000178357	0,000535309	-0,000534984	0,000159	-1,05E-05	-0,000634383	-2,39E-05	4,05E-05	2,90E-05	-7,27E-05	-0,000398772	6,91E-05	2,16E-05	-0,000172489	-3,33E-05	-7,38E-06	0,000121576	-0,000638164	-0,000213152	-6,49E-06	-0,00044307	0,000444592	-9,40E-05	-6,61E-05	-0,000167993	-0,000673632	-5,79E-05	7,87E-05	-0,000378893	0,000132183	-4,84E-05	-0,000118734	0,000106916	4,12E-05	
Darkorange	Dot	12	G3	225,008	1	3,16E-17	-1,58E-17	0,312718	0,0238784	-0,00102453	-0,00586131	-0,0666954	0,0864511	0,000494523	0,00338786	0,101356	0,0151133	-0,000477743	-0,00785913	-0,0123433	0,0198641	-0,000235466	-0,00285686	0,024149	0,00982881	-0,00102262	0,00145716	0,00834324	0,00584233	0,00022054	-0,0018426	0,00306902	0,00523858	-0,000833942	0,000277047	0,0109535	0,0023244	-0,000149455	-0,00125143	-0,000159953	0,00209621	-0,000269724	0,000613148	0,00457677	0,00153927	-0,000515272	0,000370171	0,00249118	0,000275818	0,000142625	5,27E-05	0,000408979	0,00115094	-0,000627278	0,000900888	0,0020545	-0,000181604	0,000320172	0,000335047	-0,00094157	0,000592606	-0,000394489	0,000640443	0,000505828	-0,000110453	0,000171968	0,000936481	-6,66E-05	0,000253389	-2,55E-05	0,000516696	-0,000251303	-6,40E-05	0,000132757	3,58E-05	0,00081425	3,15E-05	0,000138055	5,34E-05	-0,000675733	-5,78E-05	4,85E-05	0,000275742	0,000195316	5,47E-05	0,00027162	9,15E-05	0,000480917	-0,000213125	6,50E-05	-0,000577557	-0,000187459	0,00011112	0,000159179	0,00025774	0,000312666	-0,000187737	0,000161199	0,000325341	-0,000191393	-1,86E-05	0,000199853	3,11E-05	6,70E-05	-6,62E-05	0,000132763	0,000344175	-6,30E-05	-9,61E-05	0,000225965	-0,00024517	-7,54E-05	1,85E-05	0,000167804	-0,000114655	6,18E-05	-0,000157264	0,000124139	-7,07E-06	-8,84E-05	3,95E-05	0,000225076	-6,01E-05	6,84E-05	
Darkorange	Dot	13	G3	229,038	1	3,10E-17	-2,33E-17	0,321568	0,02696	0,000147219	0,0062262	-0,0713817	0,083447	0,000550875	-0,00520613	0,097584	0,0199661	-0,000538792	-0,00227676	-0,0130168	0,0160346	3,59E-05	-0,00035291	0,0286743	0,0141113	-0,000478802	-0,000980109	0,00663977	0,00240653	-0,00011204	0,00124861	0,00367161	0,00845607	-0,000256965	-0,0008326	0,00893662	0,000599987	-0,00016783	-0,000217537	8,46E-05	0,00339118	-0,000366739	-0,000147501	0,00619247	0,00122786	-3,41E-05	-0,00162817	-0,000524897	0,000552337	-0,000571958	-0,000304157	0,00307411	0,00140677	-0,000101919	0,000267958	0,000491203	-0,000415426	-0,000374179	0,000165686	-0,000310999	0,00111873	-0,000113123	0,000412806	0,00141996	-0,000432665	-0,000279744	0,000590061	-0,000765408	0,000510306	-3,38E-05	0,000384351	0,00137874	-0,000131301	-0,000158596	9,24E-05	-0,000597561	4,82E-05	-0,000102266	0,000206319	-0,000107623	0,000145349	1,43E-05	-5,54E-05	0,000387786	-0,000111409	-0,00018369	-0,000236229	-0,000104327	5,29E-05	5,11E-05	0,000271761	0,000210184	3,88E-05	-0,000131883	-7,77E-05	-0,000562904	-6,70E-05	5,15E-05	2,94E-05	0,000374851	0,000146709	-9,20E-05	0,000210137	-0,000218735	-0,00014021	4,11E-05	-3,04E-05	-9,83E-05	0,000185147	-8,34E-06	5,40E-05	0,000197347	-0,000105293	-6,05E-05	-0,000148409	-0,000370466	0,000111446	9,41E-05	0,000190419	0,000180662	4,32E-05	-0,000127865	-0,000126286	-0,000250641	
Darkorange	Dot	14	G3	298,285	1	2,38E-17	-8,34E-17	0,312787	0,0419671	0,00106674	0,00436958	-0,057173	0,0708105	-0,000898933	0,00237193	0,119017	0,0228484	0,00138025	0,00276166	-0,0226536	0,0132904	-0,00064638	0,00241476	0,0383762	0,0101626	0,00104675	0,00353146	0,0133708	0,00272683	2,74E-05	-0,000320069	0,000167203	0,00445042	0,00084854	-0,00121426	0,0161504	5,08E-05	-0,000243682	0,000532655	-0,00671702	0,00143987	0,00118646	-0,0025227	0,00621083	0,000140821	-0,000659487	0,000231536	0,00022882	-0,000543366	0,000791838	0,00153903	-0,00222128	0,000672164	0,000129327	-0,00146547	0,00256801	-0,00112519	-0,000135606	-0,000378468	-0,00360461	0,00042194	0,000300264	-0,000109295	0,00210183	-0,000546091	-0,000236927	-0,00116993	-0,00112702	-0,00022875	-0,000137445	6,11E-05	-0,000547763	0,000208598	-5,42E-05	-3,03E-05	0,00111872	-0,00065396	-0,000289175	8,84E-05	-0,00151556	0,000451373	-0,000159546	8,35E-05	0,00131079	-0,000474981	-0,00019693	-0,000510929	-0,000310348	0,000148587	-0,000270713	-0,000178148	7,15E-05	-0,000108881	-0,000212136	0,000111262	0,000287592	-0,000102946	-0,000210608	0,000187256	-0,000814791	0,000144868	-0,000201418	-0,000113943	0,000563072	-0,000204552	-0,000152308	-0,000113733	-0,000529735	0,000159379	-0,000140158	0,000159319	7,16E-06	-0,000134683	-0,000134954	0,00016562	0,000200088	4,11E-05	-8,37E-05	0,000225185	-0,000458328	-1,01E-06	-0,000106534	6,50E-05	0,000289202	
Darkorange	Dot	15	G3	360,749	1	-7,88E-17	1,97E-17	0,244921	0,0328646	0,0009151	-0,0149097	-0,0833381	0,0823293	-0,000464931	-0,000683944	0,102547	0,0212461	0,000170666	-0,00256648	-0,018825	0,0171912	0,000164686	6,74E-05	0,0371469	0,0130526	-0,000570453	0,000163216	0,00393867	0,00408692	0,000406012	-0,00130959	0,00591591	0,00734518	-0,000714785	5,39E-05	0,0133666	0,000766929	0,000318367	-0,00180161	-0,000639224	0,00338725	-0,000412301	-0,00077299	0,0106175	0,000162418	-0,000235158	-0,000106694	0,000320466	0,001034	-4,68E-05	9,48E-05	0,00384924	-4,06E-05	-0,000318044	-0,000358553	0,0027565	-8,93E-06	-0,000146919	-0,000556797	-0,000239815	-0,000468729	-0,000189069	0,000110778	0,00355299	-0,000217201	-0,000274848	-0,000383884	-0,00104974	-0,000898004	1,22E-05	0,000346653	0,00177355	-7,05E-05	-0,000367299	6,62E-05	-0,000300982	-0,0011194	8,76E-05	0,00018842	-0,000296889	-6,04E-05	-0,000307825	0,000330245	0,000753335	-0,00099242	1,41E-05	6,05E-05	-0,00126174	-0,000233698	-0,000124427	0,000493095	0,000737087	-0,000657394	-6,81E-05	-9,77E-05	-0,00127251	-0,000385585	5,07E-05	0,00026954	7,78E-05	-0,0003277	-0,000121908	2,40E-06	-0,000274869	-0,000514333	0,000116172	0,000143174	-0,000815248	-6,12E-05	-6,96E-05	0,000337813	0,000404848	-0,00048764	0,000102189	-4,84E-05	-0,000745012	-1,59E-05	4,19E-05	0,000353485	0,000100072	-0,000281031	6,39E-05	-0,000192354	-0,000361654	
Darkorange	Dot	16	G3	195,696	1	0	-3,63E-17	0,283484	0,0316065	0,00022593	-0,00313864	-0,0573164	0,0811956	-0,000899734	0,000693228	0,105907	0,0194145	0,000770075	-0,00566316	-0,021648	0,0181009	-0,00172626	-0,00144863	0,0367098	0,0108974	0,000793375	0,000793116	0,00378449	0,00495972	-0,00136235	-0,00201536	0,00197755	0,00667496	0,000323668	0,00204979	0,0144314	0,000788041	-0,00095641	-0,00081479	-0,00265833	0,00363776	0,000258714	0,000312324	0,0065419	0,000407174	-0,000998731	0,000790904	-0,000549176	0,0013427	0,000496245	-0,000872939	0,000923233	0,000766777	-0,000947966	0,00069609	0,00255641	1,57E-05	0,000251709	-0,000514576	-0,00165329	0,000759998	-0,000416378	0,000593282	0,00193565	-0,000204299	-0,000160238	0,000267719	-0,00107352	0,000320368	8,88E-05	8,23E-05	-3,31E-05	3,56E-05	-0,000404621	-0,000306691	0,00132076	-7,41E-05	0,000128817	-0,000132849	-0,000658369	2,94E-05	-0,000364192	0,000110745	0,000502003	0,000107642	0,00012962	-0,000573961	-0,000553912	-0,000270694	-0,000270199	0,000312756	0,000194178	0,000261949	-2,74E-05	-4,90E-07	-0,000234466	-0,000316084	-7,78E-05	-4,25E-05	8,41E-06	0,000184741	-0,000310302	0,000496666	0,000523415	-0,000135149	0,000173707	8,11E-05	-0,000321751	5,19E-06	-0,000336269	-9,12E-05	0,000370752	-4,79E-05	9,19E-05	0,000228556	-0,00056231	4,33E-06	-0,000162099	-3,97E-05	8,43E-05	-9,34E-05	-0,000120185	0,000152806	1,55E-05	
Darkorange	Dot	17	G3	239,143	1	5,94E-17	-1,49E-17	0,244792	0,0221685	0,000642257	0,00464106	-0,0626496	0,0899968	6,49E-05	-0,00595248	0,0859778	0,0165508	8,50E-05	0,00297236	-0,0190156	0,0218856	-5,69E-05	-0,00207166	0,0386523	0,0110242	7,34E-05	0,00105459	-0,000239134	0,00655765	-1,20E-05	0,00164346	0,00973811	0,00718793	0,000358859	-0,00120066	0,00800508	0,0022676	-0,000125635	0,000829848	0,000325445	0,0041495	0,000196098	-0,00135923	0,00924091	0,000918976	-0,000105012	0,00120481	-0,00101045	0,00192089	0,000130753	0,000231921	0,0033947	0,000915977	0,000141375	0,000158073	0,000514438	0,000605325	-4,36E-06	-6,96E-06	0,000994033	0,000775189	0,000111706	-0,000769478	0,00186113	-2,11E-06	-0,00011153	0,000891683	-0,000362011	0,000417075	0,000138867	-0,000189595	0,00178329	-7,49E-05	-1,60E-05	0,000402427	-0,000721296	7,96E-05	4,57E-05	-0,00037125	0,000758441	6,58E-05	5,59E-06	7,65E-05	0,000120823	-0,000225321	-6,83E-05	0,000193067	-6,24E-05	0,000101043	0,00013123	-0,00100072	0,000647027	-0,000284016	-0,000268105	0,000228809	-0,000649733	3,48E-05	0,000203305	-0,000144107	0,000385057	-0,000116081	-0,000291038	-0,000178823	-6,13E-05	-0,000208378	0,000130707	2,13E-05	-1,83E-05	7,22E-05	-0,000226854	-0,000500382	-0,000254994	-0,000299971	2,26E-05	0,00017857	-1,64E-05	0,000139555	-0,00015703	-0,000102815	-7,75E-05	-0,000244756	-1,02E-05	-3,52E-05	2,30E-05	
Darkorange	Dot	18	G3	218	1	3,26E-17	8,15E-18	0,304153	0,0319321	0,000572671	-0,00366077	-0,0670556	0,079823	-0,00130674	-0,00145245	0,106831	0,0194717	0,000849031	0,00371929	-0,0130232	0,0165499	-0,001176	0,000363207	0,0343095	0,00991639	0,00123782	-0,00220264	0,00681354	0,00475538	-0,00157236	-0,00124047	0,00194351	0,00465756	0,000930431	0,000421316	0,0140013	0,00107736	-0,000940382	-0,000716297	-0,00213112	0,00199855	0,000169304	3,65E-05	0,00672652	-0,000227643	-0,000261486	8,76E-05	0,000941524	0,00078812	-0,000304778	-0,00116502	0,00021236	-0,000660575	-0,000105798	0,00114962	0,00322571	4,14E-05	-0,000282818	-2,42E-05	-0,00284975	-0,000458279	-4,60E-05	0,000492454	0,00264093	-0,00042744	-0,000254198	0,000339826	5,79E-05	-0,000459095	-1,67E-05	-0,000228811	-0,00071605	-0,000390884	-0,000274294	0,000222877	0,00142019	-0,000417424	-4,97E-05	-0,000570156	-0,00197764	-0,000281056	-0,00016929	0,000143653	0,000850757	-0,000277739	-0,000134139	-0,000274746	-0,00109146	-0,000280837	-2,93E-05	2,87E-05	-0,000788623	-0,000106326	-0,000247365	7,58E-05	0,000242131	-0,000216584	7,48E-05	-0,000210882	-0,00120526	-3,16E-05	-0,000349614	0,000383198	0,000749945	-0,000103984	0,000123572	6,25E-06	-0,000567428	-1,47E-05	-0,000261962	5,22E-05	0,000194896	-2,14E-05	2,21E-06	8,42E-05	0,000263616	-3,67E-05	-8,06E-05	-0,000112215	-0,000805302	8,64E-05	-0,000147405	0,000224596	0,000534151	
Darkorange	Dot	19	G3	311,878	1	4,56E-17	-4,56E-17	0,307459	0,0324067	9,15E-05	-0,00143263	-0,0816868	0,0806623	-0,000106436	-0,00331352	0,105241	0,0211782	-0,000240058	-0,00310549	-0,0146511	0,0151156	-0,000280365	-0,00291924	0,0288255	0,0139876	-0,000608826	-0,00247791	0,0105524	0,00215685	-0,000272084	-0,00119715	0,00431557	0,00765891	-0,00067651	-0,00128885	0,0126011	0,000236896	-0,000380779	-0,000466247	-0,000990785	0,00315631	-0,00054699	-0,000451351	0,00702217	0,000370183	-0,000455107	-0,000362288	0,00123495	0,00063474	-0,000416117	0,00037701	0,000834264	0,000525638	-0,000515984	0,000130527	0,0020823	-0,000157867	-0,000276625	0,000793986	-0,000786163	7,32E-05	-0,000482689	0,000489084	0,00153013	-0,00019092	-0,000182629	0,000496075	-0,000853961	-0,00010385	-0,000371341	0,000551481	0,000246861	-0,000277089	-0,000234674	-2,91E-05	0,000545395	-0,000137848	-0,000190848	0,000288877	-0,00133165	-0,000264471	-0,000345492	-4,72E-05	0,000730683	-4,80E-05	3,38E-05	8,58E-05	-0,000879462	-0,000295353	-0,000417773	-0,000273403	-0,000171915	5,27E-05	7,77E-05	-3,04E-05	0,000157024	-0,000268556	-0,000284344	-5,87E-05	-0,000855534	2,44E-05	1,44E-05	-0,000327066	0,00051724	-6,26E-05	-0,000147868	0,000200784	-0,000624607	-0,000174999	-6,27E-05	-6,53E-05	7,60E-05	0,000177695	1,38E-06	0,000277894	8,48E-05	-0,000300493	-0,000103464	8,65E-05	-5,21E-05	0,000195848	8,55E-05	1,86E-05	0,000393742	
Darkorange	Dot	20	G3	225,827	1	9,44E-17	-7,87E-17	0,314218	0,0214088	0,00250533	-0,000868236	-0,0523647	0,0854919	-0,00235273	0,000873089	0,101407	0,014565	0,00349722	0,00707154	-0,0131996	0,0188232	-0,00195743	0,000190322	0,0297971	0,0100115	0,00273989	0,0022379	0,00698279	0,00366561	-0,00106354	-0,00149188	0,00179962	0,00685784	0,00138461	-0,000997727	0,00758392	-5,85E-05	-5,43E-05	0,00148529	0,00126065	0,00391958	0,000667159	-0,00185896	0,0039976	-0,000538417	0,000487661	0,00153028	0,00098986	0,00219055	0,00016397	-0,00106673	-0,000646522	-0,000320587	0,000638557	0,000368389	0,000369429	0,0013712	-6,23E-05	0,000651343	-0,000670538	-0,000254256	0,000715095	-0,000912678	-8,85E-05	0,00095464	-6,67E-05	0,000364364	2,10E-06	-3,00E-05	0,000520952	-0,000894919	-0,000537723	0,000664673	-1,55E-07	0,000524972	0,00101214	0,000108058	0,000349073	0,000353074	-0,000471265	0,00039843	0,000116613	-0,00022473	0,00017267	0,000245615	0,000216207	0,000320956	-0,000164656	0,000228106	0,000164414	-0,000261487	-0,000349528	0,000332579	0,000177961	6,50E-05	0,000592752	0,000108313	0,000140506	9,47E-05	-4,06E-05	0,000257543	0,000191248	-0,000403194	0,000102911	0,000129661	6,41E-05	0,0001067	4,10E-05	0,000161255	0,000164438	-0,000160231	0,000279928	7,24E-05	8,14E-05	0,000113476	0,000360428	7,12E-05	0,000153155	0,000104344	-7,87E-05	3,79E-05	7,98E-05	-0,00028268	9,40E-05	
Darkorange	Dot	21	G3	227,08	1	0	-9,39E-17	0,307815	0,0313827	3,52E-05	0,0068969	-0,0641276	0,0818282	-0,000318587	-0,00385029	0,111806	0,0175898	0,000760081	0,0022279	-0,0190314	0,0188642	-0,000875842	0,00201281	0,0274845	0,0105262	0,00160742	0,000210734	0,0126758	0,00473063	-0,000975742	-0,000391625	7,43E-05	0,00615578	0,0010744	6,20E-05	0,0103151	0,0015611	-0,00022092	0,00103397	-0,00258516	0,00300478	0,000501872	-0,00123172	0,00443511	0,00104685	0,000159593	0,000577721	0,00182533	0,00111374	0,000188594	0,000170532	-0,0014512	0,000995136	0,000529892	-0,000207899	0,00244325	0,000496243	-3,85E-05	0,000485407	-0,00167265	0,000670666	0,000503286	-0,000285604	0,000791284	0,000584426	0,000138335	6,77E-06	2,93E-05	0,000132635	0,000124918	0,000329241	-0,00124766	0,000889634	0,000455791	0,000120164	0,00104947	-0,000112126	-1,07E-05	-0,000222643	-0,000541436	0,000737288	0,00036947	0,000186527	0,000172439	0,000120208	0,000146042	-6,66E-05	0,000256131	0,000409377	0,000168101	-0,000159699	-7,64E-05	0,000298478	0,000170698	0,000344385	0,00021992	0,00020434	0,000189485	-0,000175545	-0,00052446	0,000444062	5,81E-05	-0,000164967	0,000128148	5,15E-05	0,000178091	-9,13E-05	0,000309607	0,000392032	1,00E-05	-0,00034036	-0,000328653	8,14E-05	0,000119387	-0,000122686	0,000604659	0,000225262	-5,84E-06	-0,000174765	-7,92E-05	0,000129152	7,07E-05	-0,000118977	-7,68E-06	
Darkorange	Dot	22	G3	235,835	1	6,03E-17	-6,03E-17	0,260204	0,0276178	0,00110951	-0,00171418	-0,0584183	0,0840003	-0,00138036	-0,00217096	0,112188	0,0162252	0,00131075	0,0018738	-0,0184407	0,0199804	-0,000851521	-0,00152105	0,0372301	0,00993686	0,000622967	-0,00120121	0,00868561	0,00531622	-0,000394622	-0,000579728	0,00336661	0,00610726	-0,000135004	-0,000476329	0,00948217	0,00139987	9,45E-05	0,000878263	-0,00399402	0,00296715	-0,000410795	-0,00133593	0,00650526	0,000802434	3,52E-05	0,000781749	-0,000295266	0,000566193	-0,000352905	0,000241949	0,000790957	0,00113069	-5,53E-05	-0,000254521	0,0019466	-0,000375465	-0,000245568	0,000399869	-0,000722899	0,000848202	-0,000203347	-0,000362008	0,00194648	-0,00034023	-3,94E-05	0,000504584	-0,000990953	0,000211504	-0,000197507	-0,000941296	0,00055636	5,61E-05	-4,83E-05	9,37E-05	0,000104003	-0,000339219	-0,000158076	4,22E-05	-0,000278884	0,000318801	-3,01E-05	-0,000507916	0,000645154	-0,00042223	-0,000280357	0,000576047	-3,50E-05	0,00016257	3,29E-05	-0,000123743	0,000572805	-0,000215353	-0,000299257	0,00032072	-0,000235094	-0,000123107	5,63E-06	-6,52E-05	-0,00010938	8,51E-06	-0,000185816	-0,000348303	7,06E-05	-0,000326057	-9,82E-05	0,00041603	-0,000237154	5,69E-05	-4,77E-05	-5,91E-05	-9,08E-05	-0,000230562	-3,62E-05	0,000161082	0,000155599	-6,19E-05	-9,22E-05	-2,95E-05	0,000135702	-6,03E-05	7,01E-05	-1,15E-05	-5,99E-05	
Darkorange	Dot	23	G3	336,072	1	-4,23E-17	1,06E-16	0,271458	0,0333895	0,000398527	-0,00132539	-0,0892468	0,0825702	-0,00123844	0,00570985	0,0945379	0,0226706	0,00199903	-0,000151179	-0,0227679	0,0171101	-0,00148071	-0,00118772	0,0307766	0,0148815	0,00129439	0,00320704	0,00611837	0,00404328	-0,000574632	0,000368948	0,0056106	0,00819703	0,00097476	0,000381684	0,0130434	0,0017694	-0,000476123	0,00119015	-0,00105535	0,00324792	0,000863624	0,000298228	0,00968431	0,00182321	-6,71E-05	0,000163119	0,000867069	0,000310583	0,000353754	-0,000129372	0,00402128	0,00159318	0,000284483	0,000946886	0,00227527	-0,000616542	0,000120948	0,000140362	-0,000453772	0,000878655	0,000500762	0,000459864	0,00320207	-0,000558474	-6,97E-05	0,000318118	-0,000581588	-2,32E-05	0,000576377	0,000276277	0,00221524	-0,00026016	2,60E-05	-0,000162321	0,000329679	-0,000616042	0,000287626	-4,03E-05	0,000280552	-0,000120185	0,000248959	0,000315063	0,00120734	-0,000728703	9,45E-05	-0,000577847	-0,000520922	-0,000344664	0,00032266	5,72E-05	0,000759045	-0,000444538	-2,53E-05	-0,000422345	-0,000410541	-0,000609495	0,000321206	-5,73E-05	0,000287554	-0,000250513	-7,36E-05	0,000244798	-0,000123004	-0,000644832	0,000301703	-0,000292879	-0,000283368	-0,000217989	-2,78E-05	0,000133632	0,000430246	-0,000546085	0,000134788	-0,000206375	-0,000502327	-0,000281006	0,000103982	-2,09E-05	0,000140792	-0,000367088	-1,01E-05	-0,000323105	-0,000491773	
Darkorange	Dot	24	G3	287,197	1	0	-9,90E-17	0,253089	0,0337742	-0,000489379	-0,00126761	-0,0821271	0,080173	0,000365842	-0,00178512	0,10842	0,0194439	-0,000772503	-0,00221779	-0,0197791	0,017246	0,000106853	0,00069001	0,0383361	0,0110566	-0,000829123	0,000602224	0,0124075	0,0037872	0,000222229	-0,000772309	0,00685129	0,00608642	-0,00105184	-0,00024719	0,0160431	0,000527295	5,33E-05	9,64E-05	-0,0013747	0,00254113	-0,000596673	-0,0012686	0,00889179	0,000111252	-0,000439732	-0,000715415	0,000332951	0,000215806	-0,000319805	2,43E-05	0,00136834	0,00029347	-0,000545071	-0,000348493	0,00287722	-0,00091562	-0,000298749	0,000170274	-0,00194196	0,000236881	-0,000391943	-0,000576896	0,00161177	-0,00105177	-0,000398728	-8,78E-05	-0,00179103	5,24E-05	-0,000276236	0,000393029	-0,000163876	-0,000789623	-0,000323597	-0,000117588	0,000130216	-0,000140361	-0,00024902	0,000400401	-0,00170863	-0,000442809	-0,000218805	-9,18E-05	0,000667377	-0,000130818	-0,000237057	0,000335161	-0,001252	-0,000317411	-0,000196305	0,000525226	-2,74E-05	6,43E-05	-0,000120777	0,000352041	-0,000109395	-0,000288516	-0,000192317	0,000446893	-0,000988596	0,000255377	-2,08E-05	-3,14E-05	0,000667723	-0,000209185	-0,000138458	9,52E-07	-0,000771617	0,000129717	1,79E-06	-5,68E-05	2,62E-05	0,00012164	-5,78E-05	-3,58E-05	-0,00027654	-2,44E-05	1,05E-05	9,39E-05	9,17E-05	0,000234797	7,87E-06	7,72E-05	0,000251426	
Darkorange	Dot	25	G3	285,463	1	-9,96E-17	2,49E-17	0,273983	0,040201	0,000459109	-0,000797941	-0,0755456	0,0784645	-0,000479036	-0,00631935	0,117385	0,0221375	0,000522007	-0,00238428	-0,0213698	0,0178926	-0,00112941	-0,00234673	0,0339402	0,0122635	0,00105452	-0,000979563	0,0101485	0,00445245	-0,00133622	0,000387195	-0,00166343	0,00778899	0,000829776	0,0010771	0,0147716	0,00060415	-0,00064707	-8,85E-05	-0,00228113	0,0041322	1,98E-05	-5,56E-05	0,00648679	0,000477945	-0,000115876	0,0016696	0,00184001	0,0014325	-0,00013768	-0,000109473	-0,000367471	0,000782634	0,000195102	0,000476185	0,00320576	0,000155441	-0,000333721	-9,55E-05	-0,00188728	0,00052891	0,0004101	-0,000245512	0,00168952	-4,30E-05	-0,00042763	0,000336111	0,000252425	0,000101171	0,000379496	0,000204566	-0,000401611	3,40E-05	-0,000104776	-0,000124242	0,00145175	-2,03E-05	0,00013496	-0,000581832	-0,00114425	-6,41E-05	8,17E-05	0,000510584	0,000958023	7,27E-05	1,17E-06	0,000399862	-0,000337286	-0,000261469	0,00026109	0,000220142	-0,000227136	0,000170216	-0,000122553	8,13E-05	0,000554799	-0,000313655	0,000288155	1,87E-05	-0,00077138	0,00012377	-8,73E-05	1,69E-05	0,000764764	-0,000199202	0,000212869	-0,000145192	-0,000318979	-3,32E-05	-7,47E-06	-7,90E-05	-6,25E-07	-5,64E-05	0,000135837	-0,000179839	0,000169959	-0,000132842	-8,91E-06	-9,27E-05	-0,000461866	2,42E-05	0,000135056	-0,000125883	0,000380782	
Darkorange	Dot	26	G3	539,528	1	0	0	0,264637	0,0258216	-0,000675253	-0,00906225	-0,0755929	0,0838302	0,000250524	0,00012641	0,0974746	0,017512	-0,00083109	-0,00246111	-0,0164664	0,0170028	0,000455182	0,00274355	0,0370767	0,0110793	-0,000445535	-0,000493227	0,00697296	0,002782	0,000214555	-0,00159598	0,00821056	0,00592768	-0,000601645	0,00126226	0,0114354	-0,000190999	0,000112996	-0,00142895	0,000214896	0,00189566	-0,000311493	0,000328773	0,00872817	-0,000419035	-0,000122234	-0,00103484	0,000167033	-0,000478652	-3,36E-05	-0,000584178	0,00469676	-0,000505763	-0,000322879	-0,000257317	0,00192838	-0,00131431	3,73E-05	-0,000627393	0,000238621	-0,000704524	-0,000234904	0,000599894	0,00249884	-0,00131573	-8,63E-05	-0,000145444	-0,000857076	-0,00106038	3,30E-06	0,000567778	0,00157856	-0,00101153	-0,000241578	-0,000324511	-0,00094679	-0,00117488	9,94E-05	0,000300335	-7,24E-05	-0,000723111	-0,000241405	0,000391283	0,000136406	-0,00113165	0,000205521	-0,000393755	-0,00106642	-0,000532523	-0,000209294	0,000327088	0,000375156	-0,000861847	0,000145147	-0,000246921	-0,00100054	-0,000446067	-2,68E-05	0,000390919	-7,98E-05	-0,000550402	3,44E-05	8,71E-05	-0,00058456	-0,000357835	0,000156457	2,14E-05	-0,000676669	-0,00033623	-7,40E-05	0,000213112	-0,00032434	-0,000214145	0,000227621	1,33E-05	-0,00104792	-0,000144862	-4,97E-05	0,000367592	-1,96E-05	-0,000106389	0,000222796	7,95E-05	-0,000513529	
Darkorange	Dot	27	G3	300,38	1	-9,46E-17	-4,73E-17	0,324123	0,0323844	0,000117281	0,00830101	-0,0690757	0,0789714	-0,000166222	-0,00150768	0,0999091	0,0215703	0,00036229	-0,000207004	-0,015923	0,0153205	-0,000206126	-0,00313914	0,031032	0,012091	-0,000643483	-0,0014114	0,00777543	0,00398615	0,000494535	0,00101764	0,00334913	0,00526603	-0,00126646	-0,00264433	0,0124702	0,00184732	0,000680845	0,000884465	-0,00299715	0,00163539	-0,00138987	-0,00170759	0,00812185	0,00113481	0,00055313	-0,00151137	-1,78E-05	-9,78E-05	-0,00120212	-0,000121832	0,00061718	0,000736717	-7,25E-06	-0,000875006	0,00296846	-0,000624264	-0,000417407	0,00123259	-0,00204703	0,000312451	-0,00052825	-0,00101412	0,0030096	-0,000627833	9,75E-06	0,000487176	-0,000791665	-0,000138902	-0,000702837	-0,000204348	-3,30E-05	-0,000292043	0,000135238	0,000181396	0,00081182	-0,000482583	-0,00046067	0,00101003	-0,00104321	-9,95E-05	2,60E-05	-6,69E-05	0,00102793	-0,000481745	-0,000105931	0,00116879	-0,00052615	-0,000186188	-4,88E-05	-0,000512233	0,000197127	-0,000249468	-5,52E-06	0,000386131	0,000301254	-0,000348497	-2,17E-07	0,000814163	-0,000419386	-5,10E-05	0,000149121	-0,00052969	0,000253578	-0,000411002	2,10E-05	0,000636415	-0,000601509	8,57E-05	0,000132832	-0,000292088	3,16E-06	-0,000333222	0,000121341	0,000319272	0,000123054	5,76E-05	9,63E-05	0,000458839	-0,000307375	-0,000223408	0,000232905	-0,000269752	0,000105524	
Darkorange	Dot	28	G3	328,188	1	4,33E-17	4,33E-17	0,272549	0,0419287	0,000117457	-0,0031675	-0,0968907	0,0760331	-0,000230169	-0,000965981	0,107594	0,0249785	0,000527133	-0,00473534	-0,0206851	0,0143453	-0,00116956	0,00239997	0,0336524	0,0139749	0,000994506	0,00201508	0,0127242	0,00292386	-0,000219755	-0,00178546	0,00377433	0,00647815	-2,18E-05	-6,40E-05	0,0167981	0,00136059	0,000526237	-0,00152594	-0,000679979	0,00149115	-0,000521791	-0,000607168	0,00969384	0,00128866	0,000754272	0,000381216	0,00139639	-0,000532538	-0,000330859	-0,000713267	0,00219223	0,000594852	0,000672597	0,000437602	0,00385296	-0,000775245	-0,00019413	-0,000233317	-0,00127846	-0,00037861	0,00053005	0,000330501	0,00324714	-0,000449154	4,83E-05	0,000397732	-0,00137769	-0,000785988	0,000287754	0,000311418	0,000657061	-0,000360748	0,000275921	0,00114194	0,000453517	-0,000716417	0,000240909	-0,000101033	-0,00146771	-0,000501932	0,000331345	0,000439275	0,000974329	-0,000355316	0,000147631	0,000254478	-0,00165203	-0,000677411	0,000383891	0,000147943	6,97E-05	-2,44E-05	0,00015291	0,000391974	-0,000698063	-0,000566587	0,000302605	6,97E-05	-0,000861182	-8,28E-05	0,000272729	0,000498211	0,000242563	-0,000221993	0,000222561	-0,000179932	-0,00130467	-0,000262952	0,000312206	-3,58E-05	0,000361009	6,95E-05	0,000108783	1,47E-05	-0,00079387	-0,000333947	0,000313426	-0,00021222	-0,000298642	0,000203311	0,000138077	-7,32E-05	8,84E-05	
Darkorange	Dot	29	G3	232,715	1	1,22E-16	-6,11E-17	0,236906	0,0381293	-0,000924494	0,00148945	-0,0646063	0,0799356	-4,39E-05	0,00566285	0,129491	0,0193195	-5,71E-05	-0,00209011	-0,0214058	0,0198377	-0,000130692	0,000561545	0,0356273	0,0102832	-0,000897666	0,00318643	0,00757927	0,00550576	0,000533335	-0,00202071	0,00176786	0,0062634	-0,000673371	-0,00259825	0,0143924	0,00134954	-3,99E-05	-0,000991201	-0,00367853	0,00309254	0,000570181	0,000252753	0,00674365	0,000868555	-0,000610173	0,000540156	-0,00070453	0,000852931	0,000641879	0,00186597	0,000998582	0,00102026	-0,000345554	0,000212673	0,00232349	-0,000311301	0,000395121	0,000263748	-0,00240874	0,00105911	-8,31E-05	0,00104897	0,00237512	-0,000611549	0,000370145	-0,000196858	-0,00132366	0,000652065	0,000191458	0,000351228	0,000607924	-0,000274424	9,27E-05	3,53E-05	0,000828199	2,92E-05	0,000470327	0,000494998	-0,000935764	0,000172043	1,40E-05	0,000125303	0,00155672	-0,000359008	0,000336504	6,33E-05	-0,00034826	0,000291816	0,000185323	-4,00E-05	0,000258576	-0,000302413	0,000178899	-0,000734597	0,000299032	9,69E-05	0,000272238	0,000168977	-0,000717188	-0,00014407	7,55E-05	-0,000212508	0,000542135	-3,88E-06	0,000277002	-0,000165133	-0,000680961	-0,000114777	-9,43E-06	-0,000195382	0,000131359	1,67E-05	0,000145851	-0,000319661	-5,37E-05	-0,000111954	9,37E-06	6,09E-05	-0,000140528	4,63E-05	5,69E-05	-0,000516488	0,000448157	
Deepskyblue	Plus	0	G4	217,819	1	0	0	0,29914	0,0403734	0,00296069	-0,00340631	-0,0811231	0,0771647	-0,00313941	0,00117274	0,125277	0,0197661	0,00388735	0,00393334	-0,0102322	0,0170072	-0,00316145	-0,000980855	0,028801	0,0100744	0,00305222	0,000448892	0,01438	0,0042708	-0,00264966	-0,00165196	-0,00212887	0,00543451	0,00186575	0,000111497	0,0146003	0,0002768	-0,00119479	-3,66E-05	-0,00304514	0,00280724	0,000691696	-0,00185457	0,00292713	9,42E-05	-0,000398701	0,00116182	0,00378116	0,000460425	5,31E-05	-0,00112653	-0,00292448	0,000653243	-8,09E-05	0,000668679	0,00263075	-0,000209509	-0,000121985	0,000203879	-0,0010206	0,000338576	2,74E-05	-0,00038484	-0,000243106	0,000169865	6,66E-05	0,000652828	0,000924786	-0,000126431	-0,000136181	-0,000231852	-0,00187618	0,000478288	0,000215068	0,00117266	0,000955045	-0,000164375	9,14E-05	-0,000217877	-0,000970949	0,000375876	8,80E-05	-6,90E-05	-0,000594291	0,000215972	0,000146187	0,00131952	0,000638558	6,93E-05	0,00025687	-0,000491435	-0,00103732	0,0005063	0,00015578	0,000217922	0,000365862	0,000125542	0,000190712	0,000116713	-0,000209516	0,000333687	0,000265701	-0,000228698	-0,000359861	0,000418548	0,000120238	0,000462423	0,000165372	0,000124606	0,000264443	-0,000520138	-0,000478061	0,000509894	0,000140364	8,59E-05	0,000286121	5,23E-05	0,000137139	-0,000293861	5,00E-05	0,00039841	0,000223749	-0,00037107	-8,17E-05	
Deepskyblue	Plus	1	G4	213,795	1	-3,32E-17	4,15E-17	0,275675	0,0441918	-0,00111081	0,0119674	-0,0753241	0,075083	0,000519142	-0,0110781	0,131443	0,020768	-0,00220939	-0,000858737	-0,0145779	0,0184907	-0,00015794	-0,00144642	0,0350218	0,00934308	-0,000338132	-0,00280658	0,0120331	0,00595283	-0,00139983	-0,000401579	-0,00556774	0,00557204	0,000238685	-0,00155858	0,0143802	0,000769004	-0,00175509	0,00237059	-0,00613207	0,00328508	0,000691125	-0,000798723	0,00333301	0,000780791	-0,00129373	-0,000572413	0,00229554	0,000778456	-9,75E-05	0,00247042	-0,00239731	0,00183247	8,44E-05	8,91E-05	0,00409013	-0,00046301	-0,000732338	0,00173523	-0,00269632	0,00171558	0,000581266	0,00119834	0,000126384	0,000232377	-0,000335638	-0,000484945	0,0007211	0,000375964	9,47E-05	0,00178359	-0,00144409	0,0010809	0,000362153	-0,00068468	0,00068482	-0,000123338	0,000210943	-0,000114797	-0,00102734	0,00099597	-0,000105825	0,000461006	0,000190593	6,98E-05	0,000851218	-9,31E-05	0,000480586	0,000486316	-0,000413956	0,000154679	-0,000501904	0,000435448	0,000911089	-0,000434236	0,000762051	0,000135509	-0,000346447	0,000327511	-4,32E-05	0,000386368	0,000590916	9,44E-05	0,000152015	0,000152883	4,64E-05	-2,43E-05	0,000308424	0,000203141	0,000125903	8,54E-05	3,86E-05	0,000215132	0,000252759	-0,000318472	0,000798334	-1,92E-05	2,94E-05	-0,00016735	-0,000183851	0,000275567	0,00017239	1,43E-05	-9,37E-05	
Deepskyblue	Plus	2	G4	223,896	1	6,35E-17	-9,52E-17	0,306943	0,0558339	0,00147024	-0,00274811	-0,0854504	0,070858	-0,00174426	-0,00410006	0,134085	0,0214494	0,00149983	0,0035078	-0,0184305	0,0194105	-0,00169394	-0,00045679	0,0280754	0,00796425	0,00147866	-0,00263081	0,0221669	0,00423821	-0,00179027	-0,000689257	-0,00889993	0,00618663	0,000523093	-0,000925828	0,0162214	-0,00142484	-0,000127102	0,00092641	0,00088298	0,00285881	-0,00113245	-0,000572999	0,00181723	-0,000327115	0,0009193	0,000630599	0,00742201	-0,000838302	-0,00134513	-0,000139703	-0,00287268	0,000570445	0,000316959	7,54E-05	0,0035723	-0,0011932	-0,000303613	6,38E-05	0,000565911	-0,000729896	-0,000564767	-0,00108101	-0,00183247	7,30E-05	0,000121883	0,00136731	0,00161914	-0,00156786	-0,00060866	-0,000755541	-0,0021144	0,00022837	2,90E-05	-0,000265321	0,000135368	-0,000839843	-0,000512252	0,000563338	1,21E-05	-0,000485067	5,25E-05	-0,00092732	-0,00138314	-3,74E-05	-0,000344235	0,000530809	0,000548046	-0,000618773	-0,000153774	8,68E-05	-0,000899011	-7,28E-05	-1,85E-05	0,000129473	-0,000330194	-0,000179445	-0,000243845	0,000223557	0,000194294	-0,000318101	-3,33E-05	-0,000182919	-0,000345975	0,000126578	-7,00E-05	0,000377027	0,000553864	-0,000350198	-8,62E-05	-0,000349297	-0,000449595	0,000186872	1,22E-05	8,51E-05	-0,000162598	-0,000170415	-3,00E-05	0,00042316	0,000388651	-5,56E-06	4,58E-06	-3,92E-05	-0,000669139	
Deepskyblue	Plus	3	G4	212,024	1	3,35E-17	4,19E-17	0,285143	0,0635445	0,00191348	-0,00122464	-0,105093	0,0688341	-0,00062631	-0,000949191	0,13416	0,023186	0,00213266	-0,00398148	-0,0152301	0,020683	-0,000866851	0,00100517	0,0302882	0,00590713	0,000882121	0,00333115	0,0227393	0,00720977	0,000696668	0,00145938	-0,00670667	0,00472534	-0,000456584	0,000537684	0,0214448	-0,000706296	0,000970423	-0,000510821	0,000490999	0,0030446	-0,000462506	-0,000334953	0,00165002	-0,000673639	0,000330642	0,000288261	0,00758657	-0,000782741	0,000337044	0,000693688	-0,00377773	0,000903118	-0,000402763	0,000493896	0,00433887	-0,00225069	0,000694216	-0,000496072	-0,000415286	0,000198844	-0,000575973	-0,00082903	-0,000987637	-0,000907022	0,00014931	0,000186956	0,00217042	-0,00159981	0,000107109	-0,000559011	-0,00322498	0,000559359	-0,000379285	-0,000543596	0,000727567	-0,001997	5,45E-05	-0,000195656	-0,000113966	6,85E-05	-9,69E-05	-0,000507116	-0,00155972	-0,00056588	-0,000445071	0,000306227	0,00169271	-0,00103196	0,000245707	-0,000622768	-0,00127025	0,000249783	-0,000495772	-0,000328753	3,10E-05	-0,000797999	-0,000326109	0,000597793	0,000377698	-0,000348894	0,000239237	-0,000221631	-0,00172156	0,000115877	-0,000746499	-0,000275011	0,000803486	-0,000667479	0,00012641	0,000289453	-0,000267901	0,000112429	-0,000337353	-8,23E-05	2,43E-05	-0,000148735	-0,000241482	4,30E-05	0,00048529	-0,000396587	3,23E-05	0,000164282	-0,000942797	
Deepskyblue	Plus	4	G4	212,456	1	-1,34E-16	1,00E-16	0,275571	0,0472767	0,00253455	0,0052678	-0,0885117	0,0785605	-0,00142719	-0,00791077	0,147843	0,0158408	0,000684589	0,00536034	-0,00779436	0,0214526	-0,000807102	-0,00167162	0,0209303	0,00928915	0,00152982	-0,00270845	0,019178	0,00465172	-0,00297399	0,00218037	-0,00490915	0,00576784	0,00278412	-0,00198447	0,009859	0,000580319	-0,00252334	-0,000289687	-0,00238982	0,00283058	0,000188835	0,000261291	0,00118823	0,000409071	-0,00033906	-0,00129339	0,00516912	0,000163581	-0,00121289	-0,00153511	-0,00287256	0,00168462	-0,000238913	-5,15E-05	0,00329215	-0,00111832	-0,000650383	-0,000951531	0,000531863	0,000835218	-0,000766646	-0,000417242	-0,00195773	8,22E-05	-0,000414114	-0,000141532	0,00269739	-0,000626546	-0,000853473	-0,000127645	-0,000876625	0,00055822	-0,000457795	0,000241407	0,000263113	-0,000280023	-0,000593306	-0,000311464	0,000896728	-0,000113976	-0,000674572	0,000215398	-0,00146585	0,000189034	-0,000387793	-0,00013718	0,000624446	-0,000339502	-0,000467702	-9,88E-05	-0,000791377	0,000146192	-0,000595565	0,00045096	-1,69E-05	-4,98E-05	-0,000119247	-4,47E-05	0,000711565	-0,000281569	-0,000602555	0,000216864	-0,000871206	0,000325407	-0,000206049	0,000178792	0,000692026	-0,000366012	-0,000130264	7,20E-05	6,90E-05	3,45E-05	-0,000445947	0,000256386	-0,000303508	9,63E-06	7,62E-05	0,000338218	0,000696403	-0,000274384	-0,000278678	-1,08E-05	-0,000332319	
Deepskyblue	Plus	5	G4	204,211	1	0	8,70E-17	0,312099	0,0628567	0,00118718	0,00653616	-0,0740028	0,0642356	-0,000983604	-0,00214086	0,134276	0,0279094	0,00257362	0,00391377	-0,0276106	0,0153447	-0,00218511	0,00268752	0,031373	0,0101098	0,00330996	-0,000188727	0,0192352	0,00437471	-0,00178937	0,000407275	-0,00817689	0,00590929	0,00197747	0,00126621	0,0195576	-0,000399059	1,02E-05	0,00117464	-0,00405619	0,00312023	0,00053578	-0,000300702	0,00356942	-0,000131933	0,00063212	0,000475326	0,00480284	-0,000139944	0,000383361	-0,000519693	-0,00401584	0,000727166	0,000413875	-0,000216401	0,00488957	-0,000968145	0,000367439	0,000494217	-0,00212631	-0,000139848	0,000454436	-0,000229961	0,000784279	-2,71E-05	-1,56E-05	-0,000243286	0,00211718	-0,00127279	0,000480121	-0,000225831	-0,00185115	0,000420814	-0,000246189	-0,000826769	0,00178123	-0,00110976	0,000542874	-3,24E-05	-0,000911077	-7,78E-05	-0,000468042	-0,000472819	0,000387092	-0,000459454	0,000565048	-0,000413798	0,000437592	-0,000557205	-0,000582688	6,31E-05	-0,00132024	-7,93E-05	0,000304326	-0,000318238	0,000794677	-0,000587308	-0,000147696	4,05E-05	-0,000997004	-0,0001418	-0,000226631	-0,000153187	-0,000127385	-0,000268483	0,000265773	0,000542012	0,000670506	-0,000307133	-0,000513176	-1,80E-05	-0,000758969	-9,57E-05	0,000320217	-0,000217462	0,000256073	-0,000154362	-0,000277426	0,000164017	-0,000625957	-0,000252454	-2,25E-05	0,000232617	0,00029478	
Deepskyblue	Plus	6	G4	226,13	1	6,28E-17	-9,43E-17	0,284956	0,0545297	0,00514896	0,00184162	-0,0962695	0,0732942	-0,00301468	-0,00880798	0,129359	0,0234823	0,00403699	0,00318476	-0,015245	0,0197532	-0,00156692	0,000247165	0,029145	0,00988935	0,00154175	0,00126527	0,0177659	0,00636578	6,11E-06	0,00336137	-0,005469	0,00656812	0,000692843	-0,0031778	0,0166806	0,000334376	-0,00020453	0,00210456	-0,00260529	0,0039573	0,000936986	-0,000665789	0,00347058	0,000411777	-3,51E-05	-0,000838533	0,00585276	0,000116769	0,000363613	0,00208109	-0,00269352	0,00221263	0,000880759	-0,00199391	0,00445727	-0,00169954	-0,000372007	0,000400211	-0,000628879	0,0015037	0,000702943	0,000809137	-0,00110212	-0,00042203	0,000246594	-0,00103534	0,00236361	-0,000465373	-0,000100444	0,00109777	-0,00183506	0,000689246	0,00064958	-0,000332672	0,000736474	-0,000722297	1,92E-05	-0,000547794	0,000410179	0,000152881	0,000152977	0,000157992	-0,00142031	0,000153656	0,000446859	-0,00010257	0,000838702	-0,000545428	-0,000160998	0,000472178	-0,00101439	0,00047279	0,000489654	-0,000148122	-8,51E-05	-0,00035962	-0,000126965	0,000177977	0,000705437	7,32E-05	0,00018449	0,000398147	-0,000682504	6,65E-05	0,000196898	-0,0005544	0,000709953	-3,13E-05	-8,54E-05	-1,76E-05	-0,000434654	-2,21E-05	0,000198171	-0,00027171	-0,000317953	0,00026335	2,85E-05	-0,000147517	0,000381899	-0,00030378	-7,95E-05	0,000225192	-0,000533371	
Deepskyblue	Plus	7	G4	230,871	1	0	1,54E-17	0,295423	0,0491387	-0,00154528	-6,55E-05	-0,0863461	0,075323	0,00248467	-0,00306743	0,134009	0,0203913	-0,00229494	0,0021272	-0,0142438	0,0193317	0,00115759	0,00525388	0,0250716	0,00966893	-0,000918192	2,54E-05	0,0186391	0,00515413	-0,000168767	-0,00166742	-0,00451376	0,00650751	-0,000474383	-0,00167715	0,014689	0,000225576	-0,000228878	-0,0015825	-0,0030601	0,00391336	-0,000459255	0,000145022	0,00178755	0,000678488	-0,000337229	-0,00140787	0,00528518	0,000314506	-0,000380395	-0,000840193	-0,00491519	0,00209806	-0,000703536	-0,000448443	0,00246638	-0,000649236	-1,01E-05	-0,000248809	-0,000196105	0,00081587	-0,00101887	0,000115191	-0,0011659	0,000823581	0,000162134	0,000357848	0,00227466	-0,000747931	-0,000851108	0,000104504	-0,00138323	0,00125481	8,00E-05	0,000280265	0,000691449	-0,000452945	-0,000747579	0,000432598	0,000953716	0,000225165	0,000251864	0,000513315	-0,000581644	0,000435823	-0,000625746	0,000166363	0,000955352	-0,000424383	0,000305685	0,000231295	-0,000420564	0,000367151	-0,000485561	0,00034817	1,05E-05	-8,58E-05	0,000289761	-5,48E-05	0,000536619	-0,000252179	-0,000303095	0,000367577	-0,000294297	0,000378198	0,000147202	8,33E-05	0,000562611	-0,000504938	-0,000112237	9,46E-05	3,49E-06	0,00027205	3,62E-05	-0,000225705	-0,000335771	-0,000191388	-0,000103051	-0,000263734	0,000384522	-0,000132154	2,69E-06	-3,39E-05	-0,000387296	
Deepskyblue	Plus	8	G4	235,099	1	-1,21E-16	-4,53E-17	0,30982	0,0392436	0,00073332	0,000651069	-0,0826303	0,0774902	-0,000362219	0,00676962	0,120921	0,0199511	0,00102858	0,00482645	-0,0119152	0,0165385	0,000877607	0,00108052	0,0270785	0,0104776	6,69E-05	0,00158717	0,0158192	0,00383332	0,00145715	0,00232169	-0,00191457	0,00540055	0,000537366	0,000384251	0,0144945	0,000694794	0,00115435	0,000564632	-0,00174421	0,00188219	0,000782536	0,000454503	0,00328394	0,00052594	0,000935923	0,000292606	0,00328446	-0,000169167	0,000854376	0,00076401	-0,00249639	0,000583381	0,000791021	-1,09E-05	0,00332008	-0,000611139	0,000760556	9,82E-05	-0,0010565	-3,66E-05	0,000704046	-0,000607513	0,000143283	-6,94E-05	0,00052078	-0,000728847	0,00117	-0,000527448	0,000572679	-0,000221829	-0,00115101	0,00015122	0,000478495	-0,000674902	0,000992085	-0,000506076	0,000363798	-0,000227974	-0,00101873	3,62E-05	0,000413605	-0,000241905	-0,000520841	-0,000213226	0,000205456	-0,000286859	0,000181528	-0,000172616	0,000272946	0,000164194	-0,000954805	8,44E-05	0,000131078	-0,000378621	0,00066698	-0,000255109	0,000148743	8,10E-05	-0,000242314	7,37E-05	7,68E-05	-4,16E-05	-0,000484611	-7,00E-05	0,000117366	-0,00029992	0,000377839	1,11E-06	-1,10E-05	0,000238361	-0,000648544	-6,54E-05	9,61E-05	-0,000215446	0,000376929	9,78E-05	1,26E-05	0,000110145	5,75E-05	-0,000166138	-5,45E-05	-3,61E-05	-0,000150853	
Deepskyblue	Plus	9	G4	208,264	1	0	-1,71E-17	0,289021	0,0404497	0,00155348	-0,0119253	-0,106971	0,0825674	-0,0019528	-0,00266503	0,108477	0,021078	0,00157982	-0,00325269	-0,0186217	0,0199241	-0,00163403	-0,00116426	0,0204356	0,013774	0,000616456	0,00311781	0,0169336	0,00467684	-3,16E-05	-0,000897881	0,00075108	0,00863749	-7,30E-05	-0,000316093	0,0144991	0,00154348	0,000102561	0,00142692	0,0020906	0,00367297	-0,000144967	-0,000470641	0,00376041	0,00192302	0,000421629	0,000734095	0,0050461	0,000784583	-0,000388206	-0,000588768	0,000768019	0,00139227	0,000318919	0,000987109	0,00304204	0,000273257	-2,39E-05	0,000789443	0,00077639	0,00026578	0,000120348	-0,00103507	0,00024232	0,000545368	4,06E-05	0,00103035	0,00138234	-0,000325884	1,43E-06	0,000155689	0,000242209	0,000192823	0,00026817	0,000313426	0,000610473	-0,000195107	-4,63E-05	0,000142651	4,86E-05	-0,000143581	0,000143128	-0,000425498	-0,000239243	-0,000145139	5,18E-05	0,000648325	6,60E-05	-0,000128627	4,04E-05	-0,000289038	-0,000220819	-0,000298474	0,0001609	5,56E-05	7,58E-05	-9,12E-06	-4,46E-05	-0,000128391	-0,000299123	-0,000373109	0,00011887	-0,000367449	-0,000216806	3,74E-05	-7,79E-05	0,000476674	-0,000170866	-0,000264466	0,000130442	-0,000357044	-0,000195532	-3,22E-05	-2,71E-05	-0,00011927	0,000191812	-0,000195698	-3,83E-05	6,97E-05	-7,27E-05	-5,47E-05	7,75E-05	-0,000155317	0,000102744	
Deepskyblue	Plus	10	G4	221,01	1	6,43E-17	-8,04E-17	0,304147	0,0562437	0,0011651	-0,0101904	-0,0858095	0,0730319	-0,00126085	-0,00270288	0,131914	0,0207962	0,00116136	-0,00331718	-0,0216962	0,0215731	-0,00147804	-0,00244814	0,022589	0,00808608	0,000580471	0,000605201	0,0222736	0,00575796	-0,000581736	-0,00106998	-0,00661368	0,00705981	-0,000186385	0,000306601	0,0154217	-0,000576941	0,000409019	0,00112281	0,000513586	0,00422327	-0,000733853	0,000296253	0,00013297	0,000161201	0,000863811	0,00247513	0,00742689	0,000375551	-0,000552365	-0,000179594	-0,0033656	0,00109287	0,000706979	0,000661611	0,00208246	-0,000399649	-1,08E-05	0,00109719	0,00105054	-6,47E-05	0,000473608	-0,000157911	-0,00134649	0,000387349	0,000348614	0,00138483	0,00267595	-0,00104154	0,000351941	-0,000229497	-0,00128201	0,000557721	0,000358402	0,000763288	0,000846812	-0,000865682	0,000536742	0,000171101	0,000714513	-0,000166987	0,000268139	-0,00107572	-0,0013837	-0,000119664	0,000425039	0,000482597	0,00141741	-0,00061719	0,000380033	-0,000757011	-0,000392055	-9,08E-05	0,000334467	4,92E-05	-0,000449401	-0,000290545	0,000177905	0,000414414	0,000678726	-0,000417647	0,000532262	-0,000451103	-0,000873403	-4,81E-05	-0,000107716	0,000348143	0,000526705	-0,000324607	0,000634041	-0,000327917	-0,000157678	-0,000220933	-4,72E-05	-0,000213246	-0,000323884	-7,31E-05	0,000348621	0,000333824	0,000533129	-0,000316465	0,000174118	-0,000355551	-0,000458116	
Deepskyblue	Plus	11	G4	221,468	1	-6,42E-17	1,60E-17	0,277296	0,0504901	0,00107538	0,00234195	-0,0686575	0,0713982	-0,00131154	-0,00742696	0,127111	0,0251983	0,000995926	-0,00204849	-0,0246728	0,0169663	-0,00146478	-0,00187164	0,0350098	0,0108849	0,000735445	-0,00099631	0,0109076	0,00588656	-0,000948318	0,000540844	-0,00305084	0,00604698	-0,000168271	-0,00137859	0,0157234	0,00108048	-0,000309111	0,000808368	-0,00572462	0,00400715	-0,000699647	-0,000259825	0,00610231	-0,000119791	0,000168334	0,000103581	0,0010678	0,00193246	-0,000707402	0,000182154	-0,00127078	0,00040463	9,28E-05	-6,37E-05	0,00454123	0,000218693	-0,000498871	0,00073534	-0,00281655	0,000907489	3,21E-05	-0,000228758	0,0024432	-0,000341346	-0,000361598	0,000214417	-0,000407459	0,000368198	3,39E-05	3,57E-06	-0,000879329	0,000354365	-0,000235896	-0,000150142	0,00182208	-0,000698095	9,61E-06	0,000221291	-0,00158402	0,00106887	-7,05E-05	9,35E-05	0,00140376	-0,000927619	-6,38E-05	0,000241986	-0,000191769	0,000655541	8,21E-05	0,000188582	-0,000644243	-8,86E-05	-0,000173996	0,000347174	0,000916412	-0,000239774	0,000127788	0,000132574	-0,00073926	0,000579739	-5,75E-05	-0,000263552	0,000245853	-0,000503565	-7,46E-05	0,000174232	-0,000321697	0,000484299	0,000198414	-0,000109951	-0,000477859	-8,74E-05	-0,000175945	-0,000138012	0,000319331	-4,80E-05	9,58E-05	0,000193337	-0,000501099	0,000446473	9,07E-05	-0,000169509	5,91E-05	
Deepskyblue	Plus	12	G4	230,903	1	0	-7,69E-17	0,272165	0,0517718	-0,00121267	-0,00123846	-0,0924867	0,0761155	0,000326	-0,00169986	0,127721	0,0216335	-0,00124783	0,000602487	-0,0187927	0,0216878	0,000624673	-0,00226523	0,0291912	0,00940553	-0,00103415	-0,00202799	0,0173232	0,00727946	-0,00043045	0,00102268	-0,00479265	0,00688361	-0,000250916	-0,00210239	0,0161707	0,000988375	-8,27E-05	-0,00143238	-0,00246524	0,00449756	-0,00113712	0,000218631	0,0032063	0,000901578	0,000723664	0,000165473	0,0045526	0,000782894	-0,00117819	0,00132067	-0,0030506	0,00244804	0,000229834	0,000670037	0,00462016	-0,00116676	-5,57E-05	0,000113303	-0,00105094	0,00181366	-0,000769745	0,000213906	-0,000981255	7,85E-05	0,000661051	0,000696414	0,00236456	-0,000334102	-0,000569297	-0,000138098	-0,00164041	0,00120717	0,00010674	0,000515915	0,000987562	-0,000652157	0,000231694	0,000213581	0,000747385	0,000479812	-0,000292679	-0,000352215	-0,000702656	0,000259812	0,000315004	0,000615413	0,00115614	-0,00039063	6,73E-05	-0,00013216	-0,000568482	0,00056774	-9,10E-05	0,000498104	0,000110848	-0,000335227	0,000379736	0,000246579	0,000570257	8,52E-05	-3,42E-05	-0,000495172	-0,000681258	2,65E-05	-2,48E-05	0,000325481	0,000641261	-0,00012913	0,00038672	-3,92E-05	-0,000270811	-6,65E-05	-0,000268316	-0,000164239	0,000241657	0,000137372	0,000288734	-6,62E-06	0,000636749	-0,000354498	9,20E-06	-0,000261012	-0,00031557	
Deepskyblue	Plus	13	G4	224,296	1	0	-3,17E-17	0,299271	0,0458105	-0,00377215	-0,00232919	-0,0901937	0,0764262	0,00301589	0,000645131	0,125862	0,0179317	-0,00354364	-0,00236601	-0,0123008	0,0201421	0,00218802	0,000468093	0,0260908	0,0074596	-0,0014758	-0,00219526	0,0221489	0,00538225	0,000993704	-0,00113083	-0,00193045	0,00500348	-0,000856004	0,00178093	0,015097	-8,24E-05	0,0012252	-0,000457201	-8,92E-05	0,00269113	-0,00095803	0,00148383	0,000729478	-3,29E-05	0,0010161	0,000843398	0,00596886	-0,000413762	-0,000208248	0,000771829	-0,00315002	0,00105194	3,01E-05	0,000944431	0,00249288	-0,00140828	0,000775975	0,000475586	-0,000130427	0,000299862	-0,000473848	0,000171441	-0,00266787	-0,000283332	0,000751314	0,000511054	0,00211285	-0,000912425	-5,18E-05	-0,000494487	-0,00200294	0,000232726	0,000122307	1,05E-05	-1,53E-05	-0,000615975	0,000362651	-0,000208833	0,00107912	-0,000329731	8,47E-05	-0,000957464	-0,00145322	6,79E-05	5,64E-05	0,000144235	0,00146145	-0,000516251	0,000469494	-0,000541341	-0,000326829	-9,40E-05	-0,000186049	-8,22E-05	-0,000494489	-2,56E-05	0,000292711	0,000498278	0,000599978	-0,000396986	0,000175232	-0,000341494	-0,000736916	5,77E-05	-0,000221095	0,000285673	0,000751743	-0,000222845	0,000396895	0,00022832	-0,000238579	-0,000248901	-0,000191132	-0,00027681	-0,000246215	0,000102739	0,0001203	0,000242585	0,000456777	-0,000396874	0,000129995	-0,000462971	-0,000543955	
Deepskyblue	Plus	14	G4	229,103	1	6,20E-17	-6,20E-17	0,29125	0,0521132	-0,00249816	-0,00372174	-0,0947766	0,0731738	0,00273929	-0,00480289	0,133433	0,0227259	-0,00333417	-0,00392275	-0,0131142	0,0185279	0,00172978	0,000863477	0,0289816	0,0105312	-0,00182794	0,000464749	0,0190136	0,00485136	0,000709701	-0,00183418	-0,00672975	0,00740384	-0,000683061	-0,00126715	0,0158236	-0,000129542	-0,000204202	0,00048358	-0,00288426	0,00356616	-0,000370368	0,00217764	0,0013869	0,00106362	0,000208735	0,000397705	0,00542469	-0,000303744	-0,000823116	0,000428557	-0,00266966	0,00240479	0,000233281	0,000100823	0,00318141	-0,00125924	-0,000492793	-0,00056047	-0,000702581	0,00121969	-0,000394078	0,000287157	-0,00148227	0,000197495	0,000237053	-0,000445151	0,00167021	-0,000433966	-0,000504044	-0,00112812	-0,00140051	0,00079992	-6,47E-05	0,000358717	0,00046278	-0,000480238	-0,000123249	-0,000116052	0,000370694	0,000183178	-0,000295106	-0,000309611	-0,000643816	0,000323292	-0,000148534	0,000421472	0,00126369	-0,00045682	-0,000204977	-4,64E-06	-0,000190928	0,000463975	-0,000270717	0,000176703	0,000273888	-0,000314528	-0,000194916	0,000128545	0,000526778	-6,87E-05	-0,000270054	-0,000345667	-0,000638284	0,000244857	-0,000174375	-0,000329988	0,000667794	-0,000508268	-0,000313867	-0,000211133	-2,61E-05	0,000193615	-0,000181812	9,04E-05	-0,000402876	-0,000197457	-0,000154915	-0,000177186	0,000437104	-0,00013389	-0,000296959	-0,000253775	-0,000456434	
Deepskyblue	Plus	15	G4	226,899	1	0	-7,83E-17	0,295119	0,0583811	-0,000476825	-0,0051196	-0,0975344	0,0713413	0,0013623	-0,00236162	0,126583	0,0242238	2,40E-05	-0,00742902	-0,0158171	0,0205776	0,000109534	0,000475538	0,0307763	0,00797273	0,000207113	0,00256652	0,0194638	0,0079842	0,000876583	6,94E-05	-0,00608211	0,00582552	-0,000845195	0,00226463	0,0170418	0,000733594	0,00127076	0,00021534	-0,00298635	0,00462378	-0,000926944	-0,000209339	0,00337348	-0,000107923	0,00103351	0,000392998	0,00572148	0,00046517	-7,91E-05	-0,000415221	-0,00529834	0,00244678	0,000158745	0,00143774	0,00432557	-0,00193778	0,000669633	0,000409863	-0,000212455	0,00190038	-1,70E-05	-0,000483851	-0,000868515	-0,000504718	0,000402266	0,00134446	0,00294729	-0,000496219	0,000644026	-0,000743114	-0,00256124	0,00109598	-6,35E-05	8,55E-05	0,00129216	-0,000978252	0,000620522	0,000643704	0,000906252	0,000194902	0,000213798	-0,000536617	-0,00123968	0,000427664	0,00017121	0,000559958	0,0015139	-0,000896576	0,000502955	-0,000706581	-0,00108568	0,000715033	-3,71E-05	-0,000279252	-4,39E-05	-0,000496304	0,000273549	0,000502771	0,000387381	-0,00017784	0,000279481	-0,00103907	-0,000778327	0,000366624	1,71E-05	0,000241602	0,000654856	-0,000588077	0,000161552	-6,30E-05	-0,000604599	0,000302751	0,000295826	-6,91E-05	-0,000121324	-9,55E-05	-0,000152727	0,000424133	0,000586973	-0,000364336	0,000441002	-0,000528583	-0,000558418	
Deepskyblue	Plus	16	G4	225,804	1	6,29E-17	-4,72E-17	0,296149	0,0526758	0,000266482	-0,0104369	-0,0851172	0,0730377	0,000927629	-0,00149664	0,13002	0,0190991	-0,00171393	0,001312	-0,0150866	0,0214755	0,00224425	-0,000627591	0,0285371	0,00541872	-0,0020527	0,000354575	0,0238098	0,00725783	0,00109019	0,000519779	-0,0057762	0,0036875	-0,000394368	-0,000165019	0,0168357	0,000976557	-0,000415578	-0,000714032	-0,00134547	0,00148547	0,000343383	0,00124148	0,000968271	0,00124053	-0,000615593	-0,00194133	0,00679632	-0,00177645	0,000353959	0,00112613	-0,00399997	0,00225794	-0,000897355	-0,000199515	0,00293757	-0,00205375	0,00113517	-0,000487562	-0,00107888	0,000904174	-0,00168302	0,000506652	-0,00118538	-0,000205903	0,00134962	-0,00019042	0,00152367	-0,000867606	-0,00119815	0,000338206	-0,00254774	0,00100762	0,000279635	-2,58E-05	6,95E-05	-0,000943396	-1,21E-07	0,000306823	0,000219581	0,000355068	-0,000462755	-0,000436101	-0,00166279	0,000187685	0,000219245	0,000120106	0,000803313	-0,000342216	-0,000146366	-0,000287001	-0,00124395	0,000464282	-0,000255622	0,000440533	0,000291064	6,37E-05	0,000225482	0,000281104	0,00081163	-0,000230034	-0,000212158	-0,000254094	-0,000998559	0,000711721	-0,000201691	0,000242924	0,000780442	-0,000402897	0,000292498	-0,000186592	-1,19E-06	0,000356804	-0,000379529	-0,000238376	2,64E-05	0,000182636	0,000104606	0,000228025	0,000591308	-0,0002343	0,000123134	-0,000370002	-0,000309777	
Deepskyblue	Plus	17	G4	221,885	1	0	8,01E-17	0,289998	0,0525529	-0,000424613	-0,00351088	-0,0875513	0,07291	0,00113021	-0,0023696	0,129913	0,0213213	-0,00106259	0,0031277	-0,0179195	0,0200368	0,000103358	0,00120543	0,0287549	0,00691287	0,000843602	-0,00279173	0,0190052	0,00676015	-0,00159008	-0,001866	-0,00481832	0,00425911	0,00100123	0,000433091	0,0182424	0,000420856	-0,000485134	-0,000215103	-0,00133792	0,00254438	-0,000454286	0,000366339	0,00324325	-0,000355432	0,000740206	0,000407028	0,00604758	-0,00041425	-0,000857218	-0,000920219	-0,00350293	0,000604517	0,000334942	0,00150104	0,00528577	-0,00169868	3,54E-05	0,000357151	-0,00024115	4,74E-05	-0,000319765	-8,91E-05	-0,000240594	-0,000735496	0,000293747	0,00119139	0,00232551	-0,00121371	-0,000197417	-0,000428736	-0,00215588	9,03E-05	-4,64E-06	0,000407794	0,0011302	-0,00125273	0,000164858	-0,00012778	-0,000550238	-0,00029103	-0,000226152	-0,000665209	-0,00113076	-0,000410441	0,000189251	0,000218525	0,00044788	-0,00075388	-0,000131375	-0,000668364	-0,00150406	4,76E-05	-7,78E-05	3,72E-05	6,86E-05	-0,000659256	8,18E-05	-0,000247142	-0,00041252	-4,32E-05	-0,000242748	-0,00058768	-0,000840527	-0,000182913	5,29E-05	0,000361854	0,000515445	-0,000221888	-0,000102756	-0,000354078	-0,000649494	5,54E-05	-0,00015711	0,000108496	0,000259777	-0,000107927	7,85E-05	1,27E-06	-0,000181989	-8,76E-05	-0,000209354	-0,000321278	-0,000663272	
Deepskyblue	Plus	18	G4	223,636	1	6,35E-17	6,35E-17	0,290649	0,0518454	-0,000798679	-0,00232614	-0,0888564	0,0716998	0,00160703	-0,00285187	0,130143	0,0206347	0,000161222	-0,00466504	-0,0148464	0,0192697	-0,000273083	0,00106778	0,0330172	0,00672359	0,00170185	0,00155868	0,0200206	0,00564723	-0,000881146	0,000228822	-0,0044421	0,00524488	0,000535432	0,00366314	0,0189004	-0,00146762	0,000447179	-0,000763745	-0,00165456	0,00336753	-0,000477253	-0,000464851	0,00206325	-0,00131674	0,000420674	0,00163077	0,0060093	-0,000493656	0,000382463	-0,00159891	-0,00464467	0,000609133	-0,000382759	0,000418179	0,00407955	-0,00166897	0,000700211	0,000331276	-0,000198108	-0,000263009	-0,000167789	-0,000792342	-0,00139076	-5,53E-05	2,86E-05	0,000326094	0,00200573	-0,0016925	0,000421241	-0,000790916	-0,00258303	0,00076155	-0,000510418	-0,000165858	0,000621429	-0,00127094	0,000364218	0,000152024	-0,000207533	-0,000142503	-0,00016652	-0,000586075	-0,00142201	1,21E-05	-0,000216108	0,000312261	0,000541052	-0,00069553	0,000314116	-3,71E-05	-0,00107981	0,000248441	-0,000491659	-0,000220264	0,000105113	-0,000108751	0,000273876	0,000459696	0,000177715	-0,000280853	-0,000303235	-0,000398579	-0,000606635	0,000512779	-4,05E-05	0,000208974	0,000256135	-0,000365581	-0,000145922	9,34E-05	-0,000463966	0,000348438	-0,000184996	-0,0001948	-0,000246162	7,62E-05	-0,000125912	0,000283663	-0,000186386	-4,67E-05	-0,000127052	-0,000544824	-0,000281512	
Deepskyblue	Plus	19	G4	231,815	1	0	-5,36E-17	0,330796	0,0544975	0,000686864	-0,00523473	-0,0904247	0,0720486	-0,000666275	2,39E-05	0,135241	0,0205805	0,000705	-0,000756382	-0,00956821	0,0190106	-0,000717719	-0,00150323	0,0229309	0,00925819	0,000605124	0,000775042	0,0205232	0,00248952	-0,000692077	-0,000327838	-0,0103934	0,00864117	0,000396278	0,000664552	0,0141204	-0,00239981	-0,000383394	-0,0003318	0,00310998	0,0032488	0,00015568	-0,000523114	-0,00177305	0,00138048	-0,000307692	0,000789082	0,0063212	-0,0019188	0,000362007	-0,000401009	-0,00168975	0,00215919	-0,000278616	0,000273375	0,000116363	-0,0011218	5,34E-05	0,000496602	0,00272442	-0,000701106	0,000269289	9,08E-05	-0,00156203	0,000931622	-0,000504859	0,000129169	0,00131508	-0,00143596	0,000590978	7,39E-05	0,000374436	0,000126973	-0,000401539	-0,000311462	-0,00147189	0,000153716	0,000231231	0,000191911	0,00086368	-0,00110637	0,000141763	0,000356124	-0,000924071	0,000531355	-0,000123205	4,35E-05	-0,000434448	-0,000438336	0,000266705	0,000446973	0,000850493	-0,000437994	-5,75E-05	-0,000538985	-0,000939103	0,00039618	9,93E-05	-0,000178241	0,000383619	-0,00043914	3,76E-05	-9,54E-05	0,00032143	-0,00017936	0,000167265	-0,000485844	-0,000740292	0,000330818	-0,000233307	0,000211096	0,000312224	-0,000547089	0,0003296	6,40E-05	-0,000143622	0,000270249	-0,000301508	-0,000170761	-0,000110673	-8,15E-05	0,000201375	0,000104188	0,000324294	
Deepskyblue	Plus	20	G4	226,432	1	1,26E-16	3,14E-17	0,274926	0,0422735	-0,000385361	-0,000929173	-0,0840605	0,0787672	-0,000725107	0,00223558	0,117516	0,0200205	0,000999359	-0,000887493	-0,0189711	0,0202401	-0,000715392	-0,00227491	0,0321224	0,00907342	0,000424859	-0,00015102	0,0153625	0,00684062	0,000115607	2,15E-05	-0,00148439	0,00502114	-1,47E-05	0,000726681	0,0160549	0,00182173	0,0001182	0,00197854	-0,0020635	0,00259278	-2,88E-05	0,00082362	0,00580996	0,00065478	0,000110093	8,95E-05	0,00439352	0,000352551	-0,000134052	0,000121468	-0,00198798	0,000809894	0,000111577	-0,000435442	0,00478637	-0,000699468	0,000132741	-0,000771505	-0,00148244	0,000236982	-0,000100633	-0,000611787	0,000801027	-0,0004237	0,000221326	0,00020948	0,000565394	-0,000532463	-3,64E-05	0,000371064	-0,00140833	4,01E-05	4,81E-05	-0,000290772	0,00219402	-0,00082498	0,000109111	-0,000371061	-0,00121936	1,42E-05	-0,000255694	-0,000166584	-9,32E-05	-0,000417343	0,000289156	9,06E-05	0,000259675	-0,000458432	-0,000256366	-4,82E-05	-0,00122742	9,97E-06	0,000159808	0,000275295	0,000873994	-0,000639022	6,03E-05	-0,00013973	-0,000691529	-0,000160109	-0,000123089	0,000113433	-3,24E-05	-0,000161293	8,22E-05	0,000719155	0,000403662	-0,00047096	0,000167594	-0,000336773	-0,000423208	0,000145733	-0,000240811	-0,000174937	0,0006366	-0,000434992	0,000385189	0,00028488	-0,000148577	-6,27E-05	-0,000338131	-8,23E-05	-7,28E-05	
Deepskyblue	Plus	21	G4	225,825	1	0	1,10E-16	0,292423	0,0519205	0,00181418	0,00426587	-0,0919414	0,0761542	-0,00108165	-0,00698737	0,133303	0,0189977	0,00115858	0,000756012	-0,0132816	0,0221511	-0,000956284	-5,36E-05	0,0247602	0,00817296	0,000944787	-0,00201167	0,0208844	0,005839	-0,000949272	0,000753535	-0,00654965	0,00720426	0,000543461	-0,00180181	0,0148708	-0,000466532	-0,000522171	0,000449575	0,00105155	0,00412488	0,000234807	0,000971156	-0,00118388	0,000762595	1,89E-05	-0,00108337	0,00594663	0,000458176	-2,59E-05	0,00156989	-0,00362859	0,00151565	-0,000360175	0,000939091	0,00158097	5,79E-05	0,00072891	-0,000226712	0,00028062	0,000121241	-0,000800397	-3,19E-05	-0,00225371	0,0013081	0,000595873	0,000307376	0,00192364	-0,000817735	9,92E-07	0,000267584	-0,000903886	0,00145731	2,97E-05	-0,000695001	0,000347931	-0,000277832	0,000258612	0,000535854	0,000262734	0,000408551	-2,04E-05	5,47E-05	-0,00153693	0,000758577	0,000200633	4,31E-05	0,000572525	-0,000331641	1,87E-05	4,44E-05	-2,37E-05	0,000801122	0,000303569	-0,000324445	-0,000536091	3,21E-05	-0,00018338	0,000281928	0,000867252	0,000195626	0,000466604	0,000104463	-0,000706917	0,000481237	-0,000214921	-0,000138389	0,000490932	8,73E-05	0,000173435	0,000151474	0,000577396	8,78E-05	0,000176346	-0,000370475	-0,000591958	0,000494732	-5,69E-05	-0,000413964	0,000717947	-0,000255951	0,00016827	0,000439978	-8,87E-05	
Deepskyblue	Plus	22	G4	228,274	1	6,23E-17	-9,34E-17	0,288779	0,046082	0,000567053	-0,00778663	-0,086795	0,0769653	-0,00103981	0,000982633	0,121282	0,0199182	0,00171461	-0,00331127	-0,016118	0,0203972	-0,00149064	-0,000967122	0,0305466	0,00800334	0,00130379	0,00241386	0,0164848	0,00659035	-0,000965462	0,000189052	-0,00338303	0,0054634	0,000522086	0,00183213	0,0178686	0,000304281	5,61E-05	-0,00119524	-0,00133018	0,00317226	-0,000527112	0,000530701	0,00280358	0,000196677	0,000194921	0,00209924	0,00601457	-0,000253525	0,000291993	-0,00223855	-0,00254739	0,00108999	-0,000710429	-4,59E-05	0,00366888	-0,00137304	0,000523947	-0,000368095	-0,000465983	0,000340206	-0,000458986	-0,00115692	-0,000627012	-0,000432518	-6,26E-07	0,000578344	0,00165921	-0,000955926	5,10E-05	-0,00071461	-0,00137822	0,000267738	-0,00037079	0,000340146	0,000634464	-0,000978808	0,000111218	0,000153939	-0,000352242	-0,000135972	-0,000129342	-0,00037161	-0,000541308	-0,00030927	-0,000317236	0,000870321	0,000891331	-0,000716142	0,000260032	-0,000384161	-0,000679437	0,000147389	-0,00045265	-1,94E-05	-2,16E-06	-0,000718813	0,000138325	0,000119708	0,000123003	-7,47E-05	-0,000116538	-0,000448602	-0,00073888	-0,000236055	-0,000268477	0,000426941	0,00010618	-0,000388396	0,000257526	-5,82E-05	-8,33E-05	3,73E-05	-0,00033826	0,000102783	-7,74E-05	-0,000410392	0,000168561	0,000427358	0,000286795	5,53E-06	-2,16E-05	-0,000425047	-0,000395615	
Deepskyblue	Plus	23	G4	203,963	1	0	-8,71E-17	0,288573	0,0494609	-0,00126619	-0,00935425	-0,0901491	0,0758149	0,00191812	0,00396511	0,129879	0,0180639	-0,00193532	0,00172483	-0,0112979	0,021746	0,00204555	0,00075271	0,0261001	0,00562671	-0,00084175	0,00159147	0,0204981	0,00774242	0,000355769	-0,000239748	-0,00350353	0,00337217	0,000495908	0,00244681	0,0162924	0,000922709	-9,84E-05	-0,000205522	-0,000612353	0,00228355	0,000280403	0,000589558	0,00148715	-0,00043606	0,000148843	0,000215507	0,00671331	-0,000175208	7,98E-05	-0,00125082	-0,00428795	0,000526508	0,000212188	0,000446646	0,00484388	-0,00121347	1,94E-05	-0,000677747	-0,000243809	-0,000152137	0,00010358	0,000124095	-0,00157822	1,47E-05	-8,89E-05	-0,000201647	0,00286112	-0,00145519	3,80E-05	-0,000709572	-0,00265104	0,000575127	-0,000459339	0,000122678	0,00035453	-0,000975995	0,000349421	-0,000905255	-0,000103788	-0,000184277	-0,000710532	-0,000356479	-0,00115954	8,06E-06	0,000129526	0,000120005	0,000664884	-0,000770804	-0,000330378	-0,00105749	-0,00162215	0,000367047	-0,000352481	0,000247928	-0,00016979	-0,000412423	-0,000156595	1,47E-05	0,000591018	-7,67E-05	-0,000113449	-0,000445045	-0,000700179	0,000185848	-0,000585354	0,000436264	0,000763659	-0,00029022	0,000212049	6,03E-05	-0,000605228	0,000237596	-0,000662128	0,000387612	-0,000285594	-5,25E-06	8,79E-05	0,00014193	0,00081867	-8,81E-05	-0,000220077	-0,000172207	-0,000548805	
Deepskyblue	Plus	24	G4	252,048	1	0	8,46E-17	0,303871	0,0417528	0,000332909	0,00480091	-0,0859078	0,0792369	4,42E-07	-0,000283084	0,125064	0,0182504	0,00057782	0,0027434	-0,0128184	0,0196066	-0,000200551	0,00109745	0,0223805	0,00961319	0,00102532	0,000260463	0,0197456	0,00525963	-0,000421184	0,00131535	-0,00291629	0,00513612	0,00110002	-0,000119603	0,0128606	0,00200848	6,29E-05	0,000167029	0,000700479	0,00154725	0,000402077	0,000201356	0,00187413	0,00122371	0,000462181	0,000868276	0,00426004	0,000324749	0,000133504	-0,000193252	-0,00239073	0,000353124	0,000606468	-0,00100593	0,00355431	0,00011567	-0,0001228	-0,000658962	-0,000935895	-0,000251835	0,000489081	8,95E-05	-0,000194817	0,000349402	2,73E-05	6,05E-05	0,00186886	-0,000664163	0,000266033	4,65E-05	-0,00146477	0,000289204	0,000129895	0,000176155	0,00114847	-0,000504902	8,67E-05	-8,90E-05	-0,000399188	2,60E-05	0,000148043	8,93E-05	-0,000615443	-0,000241497	0,000111276	-0,000445551	0,000745215	-4,76E-05	8,86E-05	0,000104661	-0,00090535	-0,000178173	6,63E-05	4,41E-06	0,000387814	3,89E-05	0,000133159	-0,000220731	-0,000416306	-0,00013974	-0,000120877	0,000194591	-0,000565622	5,71E-05	0,000169158	-5,60E-05	0,000677982	-9,81E-05	-0,000142468	-3,60E-05	-0,000865719	4,21E-05	2,09E-08	-2,02E-05	0,000388391	8,25E-05	3,93E-05	-0,000294325	8,40E-05	-0,000170965	-0,000190588	-0,000415138	-0,00023155	
Deepskyblue	Plus	25	G4	219,334	1	-6,48E-17	3,24E-17	0,267437	0,0452273	0,0031512	-0,00496389	-0,082764	0,0767515	-0,00274897	0,00349321	0,143842	0,0161947	0,00367162	0,00136963	-0,0109072	0,0209426	-0,000890594	-0,00303571	0,0285661	0,00759902	0,00126393	0,0016921	0,018921	0,00500094	0,000445435	0,00130873	-0,0034764	0,00559284	0,000911391	-0,000562447	0,0139632	-0,000694821	0,000397537	0,0008644	-0,00199366	0,00318135	0,000916312	4,41E-05	0,000772863	-0,000410793	0,000850556	0,00169312	0,0040217	0,000361884	0,000425651	0,000333325	-0,00318122	0,000889535	0,000967799	0,000538457	0,00252833	-0,000653827	7,25E-05	0,000207081	-0,00133911	0,000782212	0,000930919	-0,00101193	-0,00150107	0,000197615	8,08E-05	-0,000333392	0,00167584	-0,000355029	0,000416147	-0,00078237	-0,00210897	0,00105588	0,000502101	-0,000317519	0,000348074	-0,000519469	4,12E-05	-0,00077556	1,79E-05	0,00074166	0,000382195	-0,000121519	-0,0011734	0,000154542	2,14E-06	0,000109435	0,000922021	0,000210591	0,000210495	-0,000549916	-0,000639134	0,000536759	-0,000104894	2,48E-05	3,14E-05	6,97E-05	-7,62E-05	-6,56E-06	0,000155186	0,000429653	-3,76E-05	-7,56E-05	-0,000701	0,000207256	-0,000174033	-0,000186143	0,000932337	3,72E-05	-4,69E-05	-0,000318927	-0,000394901	0,000450441	-8,25E-05	-0,000130207	0,000248607	-1,19E-05	-7,16E-05	5,19E-05	0,000596225	0,000165589	1,43E-05	-3,34E-06	-0,000561632	
Deepskyblue	Plus	26	G4	211,235	1	6,73E-17	6,73E-17	0,29131	0,0581181	0,00225163	-0,0074664	-0,0833585	0,0699526	-0,00217126	-0,000834592	0,13074	0,0232151	0,00210515	-0,00197324	-0,0224794	0,0200123	-0,00159155	-0,00339966	0,0316276	0,00761912	0,000768873	-0,000123559	0,0203452	0,00678972	-0,000981316	-0,000594415	-0,00575394	0,00574674	0,000519956	0,000572235	0,0185915	-0,000329928	-0,00134708	0,000196409	-0,00355361	0,00445474	0,000494203	0,000173998	0,0025741	-0,000600818	-0,00135311	5,40E-05	0,00553265	0,000575708	0,000157892	-0,000929724	-0,0050472	0,00155855	-0,00104357	0,00028652	0,00416479	-0,00140362	-0,000144797	-0,000765021	-0,0012732	0,00117802	-0,000523526	-0,000610753	-0,00115514	-0,000206646	-0,000564544	3,87E-05	0,00239898	-0,000475765	-0,000155335	-1,40E-05	-0,00271834	0,000885021	-0,000541065	-2,26E-05	0,00145594	-0,000617017	-0,000199709	0,000387678	-0,0001199	0,00029647	-0,000463947	0,000253562	-0,000992429	0,000311798	-5,43E-05	0,000300462	0,00168442	-0,000406112	-0,000613619	0,000394912	-0,00141328	0,000511429	0,000119314	0,000243529	0,000482177	-6,09E-06	-0,000426005	-0,000291751	0,00015187	-0,000185488	-1,65E-05	-0,000129813	-0,00065298	0,000535395	-0,000185472	0,000285877	0,00050315	-0,000407614	3,85E-06	-8,43E-05	-0,000607471	0,000379218	-0,000139504	0,000317876	0,000431754	-9,22E-05	0,000101656	-2,30E-05	0,000370122	3,82E-05	-0,000132442	7,35E-05	7,45E-05	
Deepskyblue	Plus	27	G4	229,472	1	-1,24E-16	3,10E-17	0,28579	0,0501584	0,00294377	-0,00530574	-0,0939186	0,0742322	-0,00183115	-0,0026806	0,124365	0,0230731	0,00127073	0,00271115	-0,0166851	0,0181283	0,000626618	0,000437486	0,0303816	0,0102454	-0,000670112	-0,00141374	0,0182585	0,0055895	0,00151762	0,00206602	-0,00242624	0,00598395	-0,00102671	-0,00120693	0,0175676	0,000733351	0,001374	0,00116101	-0,00241837	0,00321861	-0,000623787	0,000628535	0,00366963	0,000207965	0,000748958	-0,00100632	0,00510166	0,000347748	-1,13E-05	0,0015038	-0,00305539	0,000691987	0,000128431	-0,000852534	0,00378424	-0,000598366	0,00054996	0,000323463	-0,000923273	0,000236957	-0,000205996	-0,000326567	-7,11E-05	-0,000347703	0,000528787	-0,00027595	0,00165963	-0,000279987	0,000124838	0,000818951	-0,0017011	-0,00013549	4,99E-05	-0,000467152	0,00128875	-0,000431467	0,000504075	0,000803282	-0,00135056	-0,000123799	-0,000178561	-0,000518368	-0,000294871	-0,000241031	0,000424446	0,000175703	0,00115698	-0,000356171	-0,000116665	0,000586388	-0,0012998	-9,07E-05	0,000316508	-0,000731589	0,000680586	-0,000234326	-9,36E-05	0,0003337	-0,000501849	-0,000235934	0,000235278	-0,000685322	9,90E-05	-1,25E-05	-5,59E-05	-0,000243895	0,00063979	-0,000449209	1,87E-06	0,000316524	-0,000937701	0,000103338	0,000153936	-0,000654516	0,000376555	-0,000302068	-0,00022274	0,000142624	5,28E-05	-0,000136964	0,000104203	7,35E-06	0,000245202	
Deepskyblue	Plus	28	G4	208,016	1	-2,05E-16	1,02E-16	0,352879	0,0536363	-0,00165657	0,0184641	-0,0954431	0,0709963	0,00137562	-0,00475583	0,127711	0,0225623	-0,000353049	-0,0028024	-0,00944405	0,0164653	-0,00134841	-0,00179528	0,0185397	0,0102873	0,0010709	-0,00253729	0,0240907	0,00371769	-0,00161366	0,000392459	-0,00649609	0,0059482	0,000732445	-0,00257037	0,0125216	0,000411973	-0,000549235	-0,000147375	0,00179963	0,00201164	-0,000778049	0,00149234	-0,000459048	0,00076942	0,000747278	0,000831598	0,00579254	-0,000748239	-0,000948508	0,00109684	-0,00274427	0,00116324	0,000221719	0,000541714	0,00182002	-0,00108798	4,15E-05	5,83E-05	0,00153173	0,000237117	-0,000438841	-0,000314521	-0,00192645	-9,60E-05	0,000332276	-8,67E-05	0,00250234	-0,000747961	-0,000204627	-0,000338455	-0,000990092	0,000247172	3,14E-05	-0,00048607	-0,000557632	-0,000537765	8,58E-05	0,000530012	0,00122175	-0,000392396	-8,71E-05	0,000808112	-0,00228134	0,000100832	0,000241437	-0,00017962	0,000655067	-0,000488442	-5,20E-05	-0,000144251	0,000190158	-0,000206708	-8,71E-05	0,000613626	-0,0009455	8,24E-05	0,000344192	-0,000108132	0,00124672	-0,000607313	-0,000130839	-0,000471172	-0,0008493	0,000220264	9,92E-05	5,34E-05	0,00013265	-0,000251123	0,000287423	-0,000274491	0,000866471	-0,000330973	-9,56E-05	-0,000196622	-0,000713426	8,92E-05	0,000161552	9,43E-05	0,000577405	-0,000273708	0,000191783	0,000179185	-2,56E-05	
Deepskyblue	Plus	29	G4	228,547	1	-6,22E-17	-1,55E-17	0,29127	0,0537292	-5,14E-05	-0,00208436	-0,0847785	0,0715645	-0,000961905	7,33E-05	0,129017	0,0233566	0,000987755	-0,00221412	-0,0183788	0,0182827	-0,0019663	-0,000919098	0,0302238	0,00894243	0,0016956	-0,000888792	0,0162711	0,00601312	-0,00153885	-0,00270187	-0,00384686	0,00532538	0,000325899	0,00130963	0,0174405	-3,88E-05	0,000168641	0,000568272	-0,00328052	0,00375605	-0,00103108	-0,000586222	0,00479608	-0,00095703	0,000932982	0,00151294	0,00507188	0,000681919	-0,00110397	-0,00132204	-0,00312759	0,000828041	0,000667514	0,00143533	0,00522531	-0,00164579	-0,000452486	0,000149461	-0,00157095	0,00110799	0,000236796	-0,000103037	-0,000318532	-0,00115748	-0,000113596	0,00151285	0,00233107	-0,000452344	0,000186295	-0,000913495	-0,00313137	0,000110588	-0,000259179	0,00112879	0,00162456	-0,000986758	0,000283201	-0,000210755	-0,000286393	-0,000233764	-0,00015563	-0,00072434	-0,000925124	-0,00010622	-5,86E-05	0,000226044	0,00139701	-0,000943804	0,000167444	-0,000989285	-0,00147963	0,000261897	-0,000340647	8,02E-05	0,000689864	-0,000589521	0,000205958	-0,000430813	7,22E-06	-0,000390149	-0,000242754	-0,000396744	-0,000646553	0,000163749	-0,000132357	0,000405915	0,000324732	-0,000760824	8,45E-05	-0,000503022	-0,000497485	0,000224845	-0,000373901	0,000200583	0,000300018	-0,000412781	8,51E-05	-5,63E-05	-0,000118471	-0,000195418	-0,000159617	-0,00022289	-0,000160414	
